_Kp = 2.0
_Kd = 1.0
_Ki = 0.0
_tau_d = 0.001
_T = 60
_period = 4.0
_adapt = True
_n_neurons = 972
_learning_rate = 1.0
_max_freq = 1
_synapse = 0.01
_radius = 1.0
_D = 5
_scale_add = 1
_noise = 0.030478581567725663
_filter = 0.009306160380720171
_delay = 0.0038687421511389188
_backend = 'nengo'
_dt = 0.001
_seed = 34
delay = 0.032
rmse = 0.0086196066400066954