_Kp = 2.0
_Kd = 1.0
_Ki = 0.0
_tau_d = 0.001
_T = 60
_period = 4.0
_adapt = True
_n_neurons = 39
_learning_rate = 1.0
_max_freq = 1
_synapse = 0.01
_radius = 1.0
_D = 5
_scale_add = 1
_noise = 0.08580585438815537
_filter = 0.005186558349029789
_delay = 0.000578394532892993
_backend = 'nengo'
_dt = 0.001
_seed = 26
delay = 0.34700000000000003
rmse = 0.22898599062954353