_Kp = 2.0
_Kd = 1.0
_Ki = 0.0
_tau_d = 0.001
_T = 60
_period = 4.0
_adapt = True
_n_neurons = 200
_learning_rate = 1.0
_max_freq = 1
_synapse = 0.01
_radius = 1.0
_D = 5
_scale_add = 1
_noise = 0.05201261016998118
_filter = 0.0030521657583123217
_delay = 0.000479900339379169
_backend = 'nengo'
_dt = 0.001
_seed = 63
delay = 0.051000000000000004
rmse = 0.009597622343698162