_Kp = 2.0
_Kd = 1.0
_Ki = 0.0
_tau_d = 0.001
_T = 60
_period = 4.0
_adapt = True
_n_neurons = 219
_learning_rate = 1.0
_max_freq = 1
_synapse = 0.01
_radius = 1.0
_D = 5
_scale_add = 1
_noise = 0.011779155448550793
_filter = 0.0028177192683941843
_delay = 0.0050205046763258645
_backend = 'nengo'
_dt = 0.001
_seed = 1
delay = 0.038
rmse = 0.012040018335599534