_Kp = 2.0
_Kd = 1.0
_Ki = 0.0
_tau_d = 0.001
_T = 60
_period = 4.0
_adapt = True
_n_neurons = 1
_learning_rate = 1.0
_max_freq = 1
_synapse = 0.01
_radius = 1.0
_D = 5
_scale_add = 1
_noise = 0.048790949380099535
_filter = 2.9086024000352096e-05
_delay = 0.005656827751748478
_backend = 'nengo'
_dt = 0.001
_seed = 78
delay = 0.032
rmse = 0.02822341352406052