_Kp = 2.0
_Kd = 1.0
_Ki = 0.0
_tau_d = 0.001
_T = 60
_period = 4.0
_adapt = True
_n_neurons = 48
_learning_rate = 1.0
_max_freq = 1
_synapse = 0.01
_radius = 1.0
_D = 5
_scale_add = 1
_noise = 0.05534996079912703
_filter = 0.007680683690661874
_delay = 0.007418655073827782
_backend = 'nengo'
_dt = 0.001
_seed = 64
delay = 0.04
rmse = 0.016827317330747698