_Kp = 2.0
_Kd = 1.0
_Ki = 0.0
_tau_d = 0.001
_T = 60
_period = 4.0
_adapt = True
_n_neurons = 43
_learning_rate = 1.0
_max_freq = 1
_synapse = 0.01
_radius = 1.0
_D = 5
_scale_add = 1
_noise = 0.07920098236068118
_filter = 0.006154743011885439
_delay = 0.002030456047197724
_backend = 'nengo'
_dt = 0.001
_seed = 48
delay = 0.04
rmse = 0.022373133439743127