_Kp = 2.0
_Kd = 1.0
_Ki = 0.0
_tau_d = 0.001
_T = 60
_period = 4.0
_adapt = True
_n_neurons = 13
_learning_rate = 1.0
_max_freq = 1
_synapse = 0.01
_radius = 1.0
_D = 5
_scale_add = 1
_noise = 0.012037882645789545
_filter = 0.004794411040594697
_delay = 0.0008936162986367768
_backend = 'nengo'
_dt = 0.001
_seed = 88
delay = 0.04
rmse = 0.012082847811347367