_Kp = 2.0
_Kd = 1.0
_Ki = 0.0
_tau_d = 0.001
_T = 60
_period = 4.0
_adapt = True
_n_neurons = 9
_learning_rate = 1.0
_max_freq = 1
_synapse = 0.01
_radius = 1.0
_D = 5
_scale_add = 1
_noise = 0.06523851753567282
_filter = 0.006458723545183139
_delay = 0.0007136224733052132
_backend = 'nengo'
_dt = 0.001
_seed = 30
delay = 0.04
rmse = 0.024461747986812075