_Kp = 2.0
_Kd = 1.0
_Ki = 0.0
_tau_d = 0.001
_T = 60
_period = 4.0
_adapt = True
_n_neurons = 86
_learning_rate = 1.0
_max_freq = 1
_synapse = 0.01
_radius = 1.0
_D = 5
_scale_add = 1
_noise = 0.035432982202978226
_filter = 0.0037086919187627743
_delay = 0.002903710245262692
_backend = 'nengo'
_dt = 0.001
_seed = 2
delay = 0.046
rmse = 0.014313743596712008