_Kp = 2.0
_Kd = 1.0
_Ki = 0.0
_tau_d = 0.001
_T = 60
_period = 4.0
_adapt = True
_n_neurons = 3
_learning_rate = 1.0
_max_freq = 1
_synapse = 0.01
_radius = 1.0
_D = 5
_scale_add = 1
_noise = 0.07224466718057068
_filter = 6.765110441416478e-05
_delay = 0.0026577367366800797
_backend = 'nengo'
_dt = 0.001
_seed = 46
delay = 0.045
rmse = 0.017991383859083634