_Kp = 2.0
_Kd = 1.0
_Ki = 0.0
_tau_d = 0.001
_T = 60
_period = 4.0
_adapt = True
_n_neurons = 160
_learning_rate = 1.0
_max_freq = 1
_synapse = 0.01
_radius = 1.0
_D = 5
_scale_add = 1
_noise = 0.04263667219823605
_filter = 0.0004423010048714937
_delay = 0.0024488918800635727
_backend = 'nengo'
_dt = 0.001
_seed = 4
delay = 0.049
rmse = 0.0073256614633784413