_Kp = 2.0
_Kd = 1.0
_Ki = 0.0
_tau_d = 0.001
_T = 60
_period = 4.0
_adapt = True
_n_neurons = 11
_learning_rate = 1.0
_max_freq = 1
_synapse = 0.01
_radius = 1.0
_D = 5
_scale_add = 1
_noise = 0.09503297353334067
_filter = 0.0020294505726894895
_delay = 0.0004219967394239721
_backend = 'nengo'
_dt = 0.001
_seed = 35
delay = 0.063
rmse = 0.036812381910950445