_Kp = 2.0
_Kd = 1.0
_Ki = 0.0
_tau_d = 0.001
_T = 60
_period = 4.0
_adapt = True
_n_neurons = 4
_learning_rate = 1.0
_max_freq = 1
_synapse = 0.01
_radius = 1.0
_D = 5
_scale_add = 1
_noise = 0.09114375619053616
_filter = 0.0037970397274788847
_delay = 0.0032287853114575716
_backend = 'nengo'
_dt = 0.001
_seed = 17
delay = 14.943
rmse = 6.5056023852366104e+113