_Kp = 2.0
_Kd = 1.0
_Ki = 0.0
_tau_d = 0.001
_T = 60
_period = 4.0
_adapt = True
_n_neurons = 28
_learning_rate = 1.0
_max_freq = 1
_synapse = 0.01
_radius = 1.0
_D = 5
_scale_add = 1
_noise = 0.0603855337397387
_filter = 0.0034114036515939783
_delay = 0.008787119081720083
_backend = 'nengo'
_dt = 0.001
_seed = 52
delay = 0.038
rmse = 0.014901888993748629