_Kp = 2.0
_Kd = 1.0
_Ki = 0.0
_tau_d = 0.001
_T = 60
_period = 4.0
_adapt = True
_n_neurons = 182
_learning_rate = 1.0
_max_freq = 1
_synapse = 0.01
_radius = 1.0
_D = 5
_scale_add = 1
_noise = 0.06442591325755237
_filter = 0.003989746473753825
_delay = 0.0009330661249012584
_backend = 'nengo'
_dt = 0.001
_seed = 53
delay = 0.05
rmse = 0.01644553040733748