_Kp = 2.0
_Kd = 1.0
_Ki = 0.0
_tau_d = 0.001
_T = 60
_period = 4.0
_adapt = True
_n_neurons = 27
_learning_rate = 1.0
_max_freq = 1
_synapse = 0.01
_radius = 1.0
_D = 5
_scale_add = 1
_noise = 0.0649897787335784
_filter = 0.002405475067516025
_delay = 0.0008046919090548188
_backend = 'nengo'
_dt = 0.001
_seed = 95
delay = 0.042
rmse = 0.016332394232870421