_Kp = 2.0
_Kd = 1.0
_Ki = 0.0
_tau_d = 0.001
_T = 60
_period = 4.0
_adapt = True
_n_neurons = 3
_learning_rate = 1.0
_max_freq = 1
_synapse = 0.01
_radius = 1.0
_D = 5
_scale_add = 1
_noise = 0.07411956275471494
_filter = 0.00935934167582075
_delay = 0.0036958263644517753
_backend = 'nengo'
_dt = 0.001
_seed = 38
delay = 0.047
rmse = 0.13855125466151352