_Kp = 2.0
_Kd = 1.0
_Ki = 0.0
_tau_d = 0.001
_T = 60
_period = 4.0
_adapt = True
_n_neurons = 1
_learning_rate = 1.0
_max_freq = 1
_synapse = 0.01
_radius = 1.0
_D = 5
_scale_add = 1
_noise = 0.09345164128275024
_filter = 0.0073432468402872975
_delay = 0.0082693369689437
_backend = 'nengo'
_dt = 0.001
_seed = 43
delay = 0.036000000000000004
rmse = 0.072750639251787513