_Kp = 2.0
_Kd = 1.0
_Ki = 0.0
_tau_d = 0.001
_T = 60
_period = 4.0
_adapt = True
_n_neurons = 26
_learning_rate = 1.0
_max_freq = 1
_synapse = 0.01
_radius = 1.0
_D = 5
_scale_add = 1
_noise = 0.010902769386934375
_filter = 0.007146237821017143
_delay = 0.0036314134873612035
_backend = 'nengo'
_dt = 0.001
_seed = 68
delay = 0.058
rmse = 0.037932719019703423