_Kp = 2.0
_Kd = 1.0
_Ki = 0.0
_tau_d = 0.001
_T = 60
_period = 4.0
_adapt = True
_n_neurons = 99
_learning_rate = 1.0
_max_freq = 1
_synapse = 0.01
_radius = 1.0
_D = 5
_scale_add = 1
_noise = 0.06316425597297544
_filter = 0.003299226075474593
_delay = 0.007955550249722368
_backend = 'nengo'
_dt = 0.001
_seed = 67
delay = 0.041
rmse = 0.012623793784047049