_Kp = 2.0
_Kd = 1.0
_Ki = 0.0
_tau_d = 0.001
_T = 60
_period = 4.0
_adapt = True
_n_neurons = 5
_learning_rate = 1.0
_max_freq = 1
_synapse = 0.01
_radius = 1.0
_D = 5
_scale_add = 1
_noise = 0.00804382136573566
_filter = 0.00644621080328581
_delay = 0.0026626783954752254
_backend = 'nengo'
_dt = 0.001
_seed = 57
delay = 0.07100000000000001
rmse = 0.053698466469149116