_Kp = 2.0
_Kd = 1.0
_Ki = 0.0
_tau_d = 0.001
_T = 60
_period = 4.0
_adapt = True
_n_neurons = 71
_learning_rate = 1.0
_max_freq = 1
_synapse = 0.01
_radius = 1.0
_D = 5
_scale_add = 1
_noise = 0.047232165923132424
_filter = 0.0023117162210840193
_delay = 0.0013486964017923886
_backend = 'nengo'
_dt = 0.001
_seed = 59
delay = 0.053
rmse = 0.010275133708158491