_Kp = 2.0
_Kd = 1.0
_Ki = 0.0
_tau_d = 0.001
_T = 60
_period = 4.0
_adapt = True
_n_neurons = 15
_learning_rate = 1.0
_max_freq = 1
_synapse = 0.01
_radius = 1.0
_D = 5
_scale_add = 1
_noise = 0.0047126441907911825
_filter = 0.0028221962042339743
_delay = 0.0021900857527362063
_backend = 'nengo'
_dt = 0.001
_seed = 72
delay = 0.043000000000000003
rmse = 0.015705719707452267