_Kp = 2.0
_Kd = 1.0
_Ki = 0.0
_tau_d = 0.001
_T = 60
_period = 4.0
_adapt = True
_n_neurons = 36
_learning_rate = 1.0
_max_freq = 1
_synapse = 0.01
_radius = 1.0
_D = 5
_scale_add = 1
_noise = 0.0530953234549145
_filter = 0.003924508686274483
_delay = 0.008673913821848343
_backend = 'nengo'
_dt = 0.001
_seed = 97
delay = 0.041
rmse = 0.013694185723763823