_Kp = 2.0
_Kd = 1.0
_Ki = 0.0
_tau_d = 0.001
_T = 60
_period = 4.0
_adapt = True
_n_neurons = 14
_learning_rate = 1.0
_max_freq = 1
_synapse = 0.01
_radius = 1.0
_D = 5
_scale_add = 1
_noise = 0.002784635010528658
_filter = 0.006578819487763018
_delay = 0.0015337319843504317
_backend = 'nengo'
_dt = 0.001
_seed = 66
delay = 0.041
rmse = 0.021031600570821457