_Kp = 2.0
_Kd = 1.0
_Ki = 0.0
_tau_d = 0.001
_T = 60
_period = 4.0
_adapt = True
_n_neurons = 1
_learning_rate = 1.0
_max_freq = 1
_synapse = 0.01
_radius = 1.0
_D = 5
_scale_add = 1
_noise = 0.03771687944996202
_filter = 0.007481439169722504
_delay = 0.000864682238625818
_backend = 'nengo'
_dt = 0.001
_seed = 29
delay = 0.025
rmse = 0.036460025160326301