_Kp = 2.0
_Kd = 1.0
_Ki = 0.0
_tau_d = 0.001
_T = 60
_period = 4.0
_adapt = True
_n_neurons = 1
_learning_rate = 1.0
_max_freq = 1
_synapse = 0.01
_radius = 1.0
_D = 5
_scale_add = 1
_noise = 0.055185081325847665
_filter = 0.0031506228549024995
_delay = 0.006131092386839425
_backend = 'nengo'
_dt = 0.001
_seed = 81
delay = 0.048
rmse = 0.16531201062547174