_Kp = 2.0
_Kd = 1.0
_Ki = 0.0
_tau_d = 0.001
_T = 60
_period = 4.0
_adapt = True
_n_neurons = 126
_learning_rate = 1.0
_max_freq = 1
_synapse = 0.01
_radius = 1.0
_D = 5
_scale_add = 1
_noise = 0.03310651036424883
_filter = 0.00981300182600292
_delay = 0.009444470777823543
_backend = 'nengo'
_dt = 0.001
_seed = 92
delay = 0.026000000000000002
rmse = 0.010763225354030298