_Kp = 2.0
_Kd = 1.0
_Ki = 0.0
_tau_d = 0.001
_T = 60
_period = 4.0
_adapt = True
_n_neurons = 468
_learning_rate = 1.0
_max_freq = 1
_synapse = 0.01
_radius = 1.0
_D = 5
_scale_add = 1
_noise = 0.04311059153748127
_filter = 0.0022482838930117156
_delay = 0.0012965287389825064
_backend = 'nengo'
_dt = 0.001
_seed = 73
delay = 0.042
rmse = 0.0089138253923312424