_Kp = 2.0
_Kd = 1.0
_Ki = 0.0
_tau_d = 0.001
_T = 60
_period = 4.0
_adapt = True
_n_neurons = 7
_learning_rate = 1.0
_max_freq = 1
_synapse = 0.01
_radius = 1.0
_D = 5
_scale_add = 1
_noise = 0.084969304209719
_filter = 0.003890341557799835
_delay = 0.007847132811805707
_backend = 'nengo'
_dt = 0.001
_seed = 22
delay = 0.033
rmse = 0.033195909027395575