_Kp = 2.0
_Kd = 1.0
_Ki = 0.0
_tau_d = 0.001
_T = 60
_period = 4.0
_adapt = True
_n_neurons = 193
_learning_rate = 1.0
_max_freq = 1
_synapse = 0.01
_radius = 1.0
_D = 5
_scale_add = 1
_noise = 0.07080668732694269
_filter = 0.009670148415420712
_delay = 0.009681340354371555
_backend = 'nengo'
_dt = 0.001
_seed = 83
delay = 0.03
rmse = 0.011357512965162493