_Kp = 2.0
_Kd = 1.0
_Ki = 0.0
_tau_d = 0.001
_T = 60
_period = 4.0
_adapt = True
_n_neurons = 104
_learning_rate = 1.0
_max_freq = 1
_synapse = 0.01
_radius = 1.0
_D = 5
_scale_add = 1
_noise = 0.07312507931708105
_filter = 0.005651898250997243
_delay = 0.000679156182471804
_backend = 'nengo'
_dt = 0.001
_seed = 80
delay = 0.05
rmse = 0.013394668350899986