_Kp = 2.0
_Kd = 1.0
_Ki = 0.0
_tau_d = 0.001
_T = 60
_period = 4.0
_adapt = True
_n_neurons = 207
_learning_rate = 1.0
_max_freq = 1
_synapse = 0.01
_radius = 1.0
_D = 5
_scale_add = 1
_noise = 0.06977725591603222
_filter = 0.006847960431079252
_delay = 0.005102563300414599
_backend = 'nengo'
_dt = 0.001
_seed = 5
delay = 0.03
rmse = 0.013487352021687769