_Kp = 2.0
_Kd = 1.0
_Ki = 0.0
_tau_d = 0.001
_T = 60
_period = 4.0
_adapt = True
_n_neurons = 7
_learning_rate = 1.0
_max_freq = 1
_synapse = 0.01
_radius = 1.0
_D = 5
_scale_add = 1
_noise = 0.05651204542110072
_filter = 0.0029076641370026123
_delay = 0.005417025318994977
_backend = 'nengo'
_dt = 0.001
_seed = 84
delay = 0.028
rmse = 0.027312483659233108