_Kp = 2.0
_Kd = 1.0
_Ki = 0.0
_tau_d = 0.001
_T = 60
_period = 4.0
_adapt = True
_n_neurons = 1
_learning_rate = 1.0
_max_freq = 1
_synapse = 0.01
_radius = 1.0
_D = 5
_scale_add = 1
_noise = 0.061115645859072136
_filter = 0.008599419681692975
_delay = 0.008317667626552588
_backend = 'nengo'
_dt = 0.001
_seed = 42
delay = 0.027
rmse = 0.060641541748501858