_Kp = 2.0
_Kd = 1.0
_Ki = 0.0
_tau_d = 0.001
_T = 60
_period = 4.0
_adapt = True
_n_neurons = 2
_learning_rate = 1.0
_max_freq = 1
_synapse = 0.01
_radius = 1.0
_D = 5
_scale_add = 1
_noise = 0.026928479482497193
_filter = 0.005069177864282035
_delay = 0.0034580666369464696
_backend = 'nengo'
_dt = 0.001
_seed = 18
delay = 0.051000000000000004
rmse = 0.15030720535009734