_Kp = 2.0
_Kd = 1.0
_Ki = 0.0
_tau_d = 0.001
_T = 60
_period = 4.0
_adapt = True
_n_neurons = 6
_learning_rate = 1.0
_max_freq = 1
_synapse = 0.01
_radius = 1.0
_D = 5
_scale_add = 1
_noise = 0.0026255755437885942
_filter = 0.008300037161710187
_delay = 0.0015512781695217182
_backend = 'nengo'
_dt = 0.001
_seed = 41
delay = 0.041
rmse = 0.024433440729039784