_Kp = 2.0
_Kd = 1.0
_Ki = 0.0
_tau_d = 0.001
_T = 60
_period = 4.0
_adapt = True
_n_neurons = 530
_learning_rate = 1.0
_max_freq = 1
_synapse = 0.01
_radius = 1.0
_D = 5
_scale_add = 1
_noise = 0.06602197310884249
_filter = 0.005763258513016758
_delay = 0.0013113887869482066
_backend = 'nengo'
_dt = 0.001
_seed = 31
delay = 0.039
rmse = 0.010821185409366649