_Kp = 2.0
_Kd = 1.0
_Ki = 0.0
_tau_d = 0.001
_T = 60
_period = 4.0
_adapt = True
_n_neurons = 258
_learning_rate = 1.0
_max_freq = 1
_synapse = 0.01
_radius = 1.0
_D = 5
_scale_add = 1
_noise = 0.02512065533376976
_filter = 0.0005965215810842006
_delay = 0.007786568715591473
_backend = 'nengo'
_dt = 0.001
_seed = 28
delay = 0.054
rmse = 0.01614781347972092