_Kp = 2.0
_Kd = 1.0
_Ki = 0.0
_tau_d = 0.001
_T = 60
_period = 4.0
_adapt = True
_n_neurons = 9
_learning_rate = 1.0
_max_freq = 1
_synapse = 0.01
_radius = 1.0
_D = 5
_scale_add = 1
_noise = 0.0028110493941458817
_filter = 0.006823543358100083
_delay = 0.008443288688470912
_backend = 'nengo'
_dt = 0.001
_seed = 62
delay = 0.033
rmse = 0.017311428497672695