_Kp = 2.0
_Kd = 1.0
_Ki = 0.0
_tau_d = 0.001
_T = 60
_period = 4.0
_adapt = True
_n_neurons = 972
_learning_rate = 1.0
_max_freq = 1
_synapse = 0.01
_radius = 1.0
_D = 5
_scale_add = 1
_noise = 0.04890549189369893
_filter = 0.006334474328489503
_delay = 0.006601997392722626
_backend = 'nengo'
_dt = 0.001
_seed = 58
delay = 0.036000000000000004
rmse = 0.0096360312428998285