_Kp = 2.0
_Kd = 1.0
_Ki = 0.0
_tau_d = 0.001
_T = 60
_period = 4.0
_adapt = True
_n_neurons = 337
_learning_rate = 1.0
_max_freq = 1
_synapse = 0.01
_radius = 1.0
_D = 5
_scale_add = 1
_noise = 0.08201483480128768
_filter = 0.00019217405997610794
_delay = 0.00478760775914575
_backend = 'nengo'
_dt = 0.001
_seed = 69
delay = 0.054
rmse = 0.013942535375471131