_Kp = 2.0
_Kd = 1.0
_Ki = 0.0
_tau_d = 0.001
_T = 60
_period = 4.0
_adapt = True
_n_neurons = 441
_learning_rate = 1.0
_max_freq = 1
_synapse = 0.01
_radius = 1.0
_D = 5
_scale_add = 1
_noise = 0.0744018498342994
_filter = 0.005312722952794278
_delay = 0.005515028877442416
_backend = 'nengo'
_dt = 0.001
_seed = 98
delay = 0.04
rmse = 0.014138303736848198