_Kp = 2.0
_Kd = 1.0
_Ki = 0.0
_tau_d = 0.001
_T = 60
_period = 4.0
_adapt = True
_n_neurons = 70
_learning_rate = 1.0
_max_freq = 1
_synapse = 0.01
_radius = 1.0
_D = 5
_scale_add = 1
_noise = 0.05336295389369636
_filter = 0.0007333687347736473
_delay = 0.008309674027001984
_backend = 'nengo'
_dt = 0.001
_seed = 40
delay = 0.047
rmse = 0.011595636490196945