_Kp = 2.0
_Kd = 1.0
_Ki = 0.0
_tau_d = 0.001
_T = 60
_period = 4.0
_adapt = True
_n_neurons = 319
_learning_rate = 1.0
_max_freq = 1
_synapse = 0.01
_radius = 1.0
_D = 5
_scale_add = 1
_noise = 0.09785540804956
_filter = 0.004224487357498371
_delay = 0.002800078000044972
_backend = 'nengo'
_dt = 0.001
_seed = 61
delay = 0.042
rmse = 0.016394052499496676