_Kp = 2.0
_Kd = 1.0
_Ki = 0.0
_tau_d = 0.001
_T = 60
_period = 4.0
_adapt = True
_n_neurons = 31
_learning_rate = 1.0
_max_freq = 1
_synapse = 0.01
_radius = 1.0
_D = 5
_scale_add = 1
_noise = 0.090455082120171
_filter = 0.009775249810987617
_delay = 0.005032842286046435
_backend = 'nengo'
_dt = 0.001
_seed = 96
delay = 0.036000000000000004
rmse = 0.012332104099939083