_Kp = 2.0
_Kd = 1.0
_Ki = 0.0
_tau_d = 0.001
_T = 60
_period = 4.0
_adapt = True
_n_neurons = 8
_learning_rate = 1.0
_max_freq = 1
_synapse = 0.01
_radius = 1.0
_D = 5
_scale_add = 1
_noise = 0.04305979970574541
_filter = 0.004266068208206434
_delay = 0.0012317358932488409
_backend = 'nengo'
_dt = 0.001
_seed = 14
delay = 0.061
rmse = 0.025941320590621281