delay = 0.099086533273969379
rate = 141.4
rmse = 0.23590277923986236