delay = 0.086818676113125881
rate = 138.3
rmse = 0.066244099165447962