delay = 0.11371839076927644
rate = 158.4
rmse = 0.2358469889973126