delay = 0.094755696824890101
rate = 158.4
rmse = 0.071610263055861059