_Kp = 2.0
_Kd = 1.0
_Ki = 0.0
_tau_d = 0.001
_T = 60
_period = 4.0
_adapt = True
_n_neurons = 142
_learning_rate = 1.0
_max_freq = 1
_synapse = 0.01
_radius = 1.0
_D = 10
_scale_add = 1
_noise = 0.04906408598756487
_filter = 0.003730226827225025
_delay = 0.00984396667142016
_backend = 'nengo'
_dt = 0.001
_seed = 52
delay = 0.038
rmse = 0.012318750571137351