_Kp = 2.0
_Kd = 1.0
_Ki = 0.0
_tau_d = 0.001
_T = 60
_period = 4.0
_adapt = True
_n_neurons = 5
_learning_rate = 1.0
_max_freq = 1
_synapse = 0.01
_radius = 1.0
_D = 10
_scale_add = 1
_noise = 0.045388787296477565
_filter = 0.007133665430347781
_delay = 1.9428735818516343e-06
_backend = 'nengo'
_dt = 0.001
_seed = 94
delay = 19.048000000000002
rmse = 4.4013080884997536e+89