_Kp = 2.0
_Kd = 1.0
_Ki = 0.0
_tau_d = 0.001
_T = 60
_period = 4.0
_adapt = True
_n_neurons = 17
_learning_rate = 1.0
_max_freq = 1
_synapse = 0.01
_radius = 1.0
_D = 10
_scale_add = 1
_noise = 0.08820222723917505
_filter = 0.0023998497410422427
_delay = 0.0022770048531490293
_backend = 'nengo'
_dt = 0.001
_seed = 18
delay = 0.06
rmse = 0.025518274362817474