_Kp = 2.0
_Kd = 1.0
_Ki = 0.0
_tau_d = 0.001
_T = 60
_period = 4.0
_adapt = True
_n_neurons = 4
_learning_rate = 1.0
_max_freq = 1
_synapse = 0.01
_radius = 1.0
_D = 10
_scale_add = 1
_noise = 0.07171783565125463
_filter = 0.006310984813123295
_delay = 0.004413676698345422
_backend = 'nengo'
_dt = 0.001
_seed = 63
delay = 0.039
rmse = 0.014300762315931184