_Kp = 2.0
_Kd = 1.0
_Ki = 0.0
_tau_d = 0.001
_T = 60
_period = 4.0
_adapt = True
_n_neurons = 2
_learning_rate = 1.0
_max_freq = 1
_synapse = 0.01
_radius = 1.0
_D = 10
_scale_add = 1
_noise = 0.07588784939623905
_filter = 0.009841994353938859
_delay = 0.002346041492380122
_backend = 'nengo'
_dt = 0.001
_seed = 51
delay = 0.25
rmse = 0.22113223004573027