_Kp = 2.0
_Kd = 1.0
_Ki = 0.0
_tau_d = 0.001
_T = 60
_period = 4.0
_adapt = True
_n_neurons = 5
_learning_rate = 1.0
_max_freq = 1
_synapse = 0.01
_radius = 1.0
_D = 10
_scale_add = 1
_noise = 0.08362576104298897
_filter = 0.003715878057459814
_delay = 0.0016478877728717922
_backend = 'nengo'
_dt = 0.001
_seed = 49
delay = 0.352
rmse = 0.13554564581829051