_Kp = 2.0
_Kd = 1.0
_Ki = 0.0
_tau_d = 0.001
_T = 60
_period = 4.0
_adapt = True
_n_neurons = 149
_learning_rate = 1.0
_max_freq = 1
_synapse = 0.01
_radius = 1.0
_D = 10
_scale_add = 1
_noise = 0.006650949199297696
_filter = 0.003209325319552563
_delay = 0.0026600602447830247
_backend = 'nengo'
_dt = 0.001
_seed = 54
delay = 0.191
rmse = 0.078972415701937637