_Kp = 2.0
_Kd = 1.0
_Ki = 0.0
_tau_d = 0.001
_T = 60
_period = 4.0
_adapt = True
_n_neurons = 42
_learning_rate = 1.0
_max_freq = 1
_synapse = 0.01
_radius = 1.0
_D = 10
_scale_add = 1
_noise = 0.004499225278761687
_filter = 0.002912744755751662
_delay = 0.0036796364606394008
_backend = 'nengo'
_dt = 0.001
_seed = 4
delay = 0.089
rmse = 0.34483163108850701