_Kp = 2.0
_Kd = 1.0
_Ki = 0.0
_tau_d = 0.001
_T = 60
_period = 4.0
_adapt = True
_n_neurons = 15
_learning_rate = 1.0
_max_freq = 1
_synapse = 0.01
_radius = 1.0
_D = 10
_scale_add = 1
_noise = 0.03965710259290244
_filter = 0.009812177835980955
_delay = 0.0005950972187540427
_backend = 'nengo'
_dt = 0.001
_seed = 6
delay = 0.051000000000000004
rmse = 0.031933324100473844