_Kp = 2.0
_Kd = 1.0
_Ki = 0.0
_tau_d = 0.001
_T = 60
_period = 4.0
_adapt = True
_n_neurons = 161
_learning_rate = 1.0
_max_freq = 1
_synapse = 0.01
_radius = 1.0
_D = 10
_scale_add = 1
_noise = 0.04112955972298037
_filter = 0.006968039186917495
_delay = 0.007044530046578583
_backend = 'nengo'
_dt = 0.001
_seed = 12
delay = 0.046
rmse = 0.020738501096883348