_Kp = 2.0
_Kd = 1.0
_Ki = 0.0
_tau_d = 0.001
_T = 60
_period = 4.0
_adapt = True
_n_neurons = 237
_learning_rate = 1.0
_max_freq = 1
_synapse = 0.01
_radius = 1.0
_D = 10
_scale_add = 1
_noise = 0.04422829370019833
_filter = 0.0010498675506604971
_delay = 0.0005429442756073389
_backend = 'nengo'
_dt = 0.001
_seed = 53
delay = 0.41500000000000004
rmse = 0.16359878396740912