_Kp = 2.0
_Kd = 1.0
_Ki = 0.0
_tau_d = 0.001
_T = 60
_period = 4.0
_adapt = True
_n_neurons = 58
_learning_rate = 1.0
_max_freq = 1
_synapse = 0.01
_radius = 1.0
_D = 10
_scale_add = 1
_noise = 0.05624608469100698
_filter = 0.0027797659157684073
_delay = 0.0013579209277151316
_backend = 'nengo'
_dt = 0.001
_seed = 64
delay = 17.395
rmse = 5.5281685066375479e+104