_Kp = 2.0
_Kd = 1.0
_Ki = 0.0
_tau_d = 0.001
_T = 60
_period = 4.0
_adapt = True
_n_neurons = 94
_learning_rate = 1.0
_max_freq = 1
_synapse = 0.01
_radius = 1.0
_D = 10
_scale_add = 1
_noise = 0.08632842306531363
_filter = 0.004263326530083993
_delay = 0.0008424299765392917
_backend = 'nengo'
_dt = 0.001
_seed = 85
delay = 14.876
rmse = 2.175907141423878e+115