_Kp = 2.0
_Kd = 1.0
_Ki = 0.0
_tau_d = 0.001
_T = 60
_period = 4.0
_adapt = True
_n_neurons = 19
_learning_rate = 1.0
_max_freq = 1
_synapse = 0.01
_radius = 1.0
_D = 10
_scale_add = 1
_noise = 0.04465637113007917
_filter = 0.0021692109171010778
_delay = 0.0032196949053696646
_backend = 'nengo'
_dt = 0.001
_seed = 42
delay = 0.045
rmse = 0.018965192711979436