_Kp = 2.0
_Kd = 1.0
_Ki = 0.0
_tau_d = 0.001
_T = 60
_period = 4.0
_adapt = True
_n_neurons = 61
_learning_rate = 1.0
_max_freq = 1
_synapse = 0.01
_radius = 1.0
_D = 10
_scale_add = 1
_noise = 0.0901663942672298
_filter = 0.006700060187710081
_delay = 0.009384026491643285
_backend = 'nengo'
_dt = 0.001
_seed = 76
delay = 0.039
rmse = 0.016835302959004282