_Kp = 2.0
_Kd = 1.0
_Ki = 0.0
_tau_d = 0.001
_T = 60
_period = 4.0
_adapt = True
_n_neurons = 5
_learning_rate = 1.0
_max_freq = 1
_synapse = 0.01
_radius = 1.0
_D = 10
_scale_add = 1
_noise = 0.08644993366874167
_filter = 0.004743385238152868
_delay = 0.009217667010962978
_backend = 'nengo'
_dt = 0.001
_seed = 68
delay = 0.039
rmse = 0.017165513326893291