_Kp = 2.0
_Kd = 1.0
_Ki = 0.0
_tau_d = 0.001
_T = 60
_period = 4.0
_adapt = True
_n_neurons = 6
_learning_rate = 1.0
_max_freq = 1
_synapse = 0.01
_radius = 1.0
_D = 10
_scale_add = 1
_noise = 0.08082023454607501
_filter = 0.004778891679300726
_delay = 0.00578524820619005
_backend = 'nengo'
_dt = 0.001
_seed = 48
delay = 10.261000000000001
rmse = 5512929972278955.0