_Kp = 2.0
_Kd = 1.0
_Ki = 0.0
_tau_d = 0.001
_T = 60
_period = 4.0
_adapt = True
_n_neurons = 5
_learning_rate = 1.0
_max_freq = 1
_synapse = 0.01
_radius = 1.0
_D = 10
_scale_add = 1
_noise = 0.09264997808557981
_filter = 0.0014403270413094016
_delay = 0.006870318559534214
_backend = 'nengo'
_dt = 0.001
_seed = 95
delay = 0.051000000000000004
rmse = 0.0437121742773596