_Kp = 2.0
_Kd = 1.0
_Ki = 0.0
_tau_d = 0.001
_T = 60
_period = 4.0
_adapt = True
_n_neurons = 148
_learning_rate = 1.0
_max_freq = 1
_synapse = 0.01
_radius = 1.0
_D = 10
_scale_add = 1
_noise = 0.08021636739669144
_filter = 0.0070845482139606985
_delay = 0.009066798303180058
_backend = 'nengo'
_dt = 0.001
_seed = 50
delay = 0.038
rmse = 0.019768574472097979