_Kp = 2.0
_Kd = 1.0
_Ki = 0.0
_tau_d = 0.001
_T = 60
_period = 4.0
_adapt = True
_n_neurons = 2
_learning_rate = 1.0
_max_freq = 1
_synapse = 0.01
_radius = 1.0
_D = 10
_scale_add = 1
_noise = 0.08593456562489138
_filter = 0.009506991583946531
_delay = 0.008371916440961786
_backend = 'nengo'
_dt = 0.001
_seed = 60
delay = 0.037
rmse = 0.026520066657629692