_Kp = 2.0
_Kd = 1.0
_Ki = 0.0
_tau_d = 0.001
_T = 60
_period = 4.0
_adapt = True
_n_neurons = 2
_learning_rate = 1.0
_max_freq = 1
_synapse = 0.01
_radius = 1.0
_D = 10
_scale_add = 1
_noise = 0.05365889181230139
_filter = 0.007882227058252837
_delay = 0.009308033433965917
_backend = 'nengo'
_dt = 0.001
_seed = 32
delay = 0.034
rmse = 0.023188848629065242