_Kp = 2.0
_Kd = 1.0
_Ki = 0.0
_tau_d = 0.001
_T = 60
_period = 4.0
_adapt = True
_n_neurons = 451
_learning_rate = 1.0
_max_freq = 1
_synapse = 0.01
_radius = 1.0
_D = 10
_scale_add = 1
_noise = 0.028303992384784316
_filter = 0.00394209292138069
_delay = 0.00539576546967491
_backend = 'nengo'
_dt = 0.001
_seed = 78
delay = 0.044
rmse = 0.011381150031024172