_Kp = 2.0
_Kd = 1.0
_Ki = 0.0
_tau_d = 0.001
_T = 60
_period = 4.0
_adapt = True
_n_neurons = 11
_learning_rate = 1.0
_max_freq = 1
_synapse = 0.01
_radius = 1.0
_D = 10
_scale_add = 1
_noise = 0.060281349787768536
_filter = 0.007478190452320089
_delay = 0.005273821267065745
_backend = 'nengo'
_dt = 0.001
_seed = 74
delay = 0.045
rmse = 0.016536630818112831