_Kp = 2.0
_Kd = 1.0
_Ki = 0.0
_tau_d = 0.001
_T = 60
_period = 4.0
_adapt = True
_n_neurons = 221
_learning_rate = 1.0
_max_freq = 1
_synapse = 0.01
_radius = 1.0
_D = 10
_scale_add = 1
_noise = 0.0960290687470981
_filter = 0.0015322547467377346
_delay = 0.007432920719368434
_backend = 'nengo'
_dt = 0.001
_seed = 30
delay = 0.046
rmse = 0.0137050193484576