_Kp = 2.0
_Kd = 1.0
_Ki = 0.0
_tau_d = 0.001
_T = 60
_period = 4.0
_adapt = True
_n_neurons = 15
_learning_rate = 1.0
_max_freq = 1
_synapse = 0.01
_radius = 1.0
_D = 10
_scale_add = 1
_noise = 0.01698574424027006
_filter = 0.002382712566176719
_delay = 0.008732477092429844
_backend = 'nengo'
_dt = 0.001
_seed = 8
delay = 0.06
rmse = 0.028398963793162601