_Kp = 2.0
_Kd = 1.0
_Ki = 0.0
_tau_d = 0.001
_T = 60
_period = 4.0
_adapt = True
_n_neurons = 650
_learning_rate = 1.0
_max_freq = 1
_synapse = 0.01
_radius = 1.0
_D = 10
_scale_add = 1
_noise = 0.086115254288101
_filter = 0.00975155887786222
_delay = 0.002886798481831182
_backend = 'nengo'
_dt = 0.001
_seed = 19
delay = 0.403
rmse = 2.1975041525859775