_Kp = 2.0
_Kd = 1.0
_Ki = 0.0
_tau_d = 0.001
_T = 60
_period = 4.0
_adapt = True
_n_neurons = 9
_learning_rate = 1.0
_max_freq = 1
_synapse = 0.01
_radius = 1.0
_D = 10
_scale_add = 1
_noise = 0.026630827914810876
_filter = 0.004032425580159966
_delay = 0.0008755971376029403
_backend = 'nengo'
_dt = 0.001
_seed = 40
delay = 0.057
rmse = 0.033669865469865792