_Kp = 2.0
_Kd = 1.0
_Ki = 0.0
_tau_d = 0.001
_T = 60
_period = 4.0
_adapt = True
_n_neurons = 12
_learning_rate = 1.0
_max_freq = 1
_synapse = 0.01
_radius = 1.0
_D = 10
_scale_add = 1
_noise = 0.0981174096228968
_filter = 0.006346042843947233
_delay = 0.0007439545898176259
_backend = 'nengo'
_dt = 0.001
_seed = 77
delay = 0.046
rmse = 0.025132758247038318