_Kp = 2.0
_Kd = 1.0
_Ki = 0.0
_tau_d = 0.001
_T = 60
_period = 4.0
_adapt = True
_n_neurons = 33
_learning_rate = 1.0
_max_freq = 1
_synapse = 0.01
_radius = 1.0
_D = 10
_scale_add = 1
_noise = 0.05885742032970033
_filter = 0.0020957844917153866
_delay = 0.004652036653346728
_backend = 'nengo'
_dt = 0.001
_seed = 25
delay = 0.369
rmse = 0.47144941163417287