_Kp = 2.0
_Kd = 1.0
_Ki = 0.0
_tau_d = 0.001
_T = 60
_period = 4.0
_adapt = True
_n_neurons = 1
_learning_rate = 1.0
_max_freq = 1
_synapse = 0.01
_radius = 1.0
_D = 10
_scale_add = 1
_noise = 0.09429102754426869
_filter = 0.008041445581461243
_delay = 0.0048216844679411395
_backend = 'nengo'
_dt = 0.001
_seed = 45
delay = 23.891000000000002
rmse = 1.3288541527027111e+36