_Kp = 2.0
_Kd = 1.0
_Ki = 0.0
_tau_d = 0.001
_T = 60
_period = 4.0
_adapt = True
_n_neurons = 129
_learning_rate = 1.0
_max_freq = 1
_synapse = 0.01
_radius = 1.0
_D = 10
_scale_add = 1
_noise = 0.05892111480634559
_filter = 0.00942225672344283
_delay = 0.0043966739398736245
_backend = 'nengo'
_dt = 0.001
_seed = 96
delay = 0.043000000000000003
rmse = 0.012475110268558052