_Kp = 2.0
_Kd = 1.0
_Ki = 0.0
_tau_d = 0.001
_T = 60
_period = 4.0
_adapt = True
_n_neurons = 4
_learning_rate = 1.0
_max_freq = 1
_synapse = 0.01
_radius = 1.0
_D = 10
_scale_add = 1
_noise = 0.0753072903348431
_filter = 0.009553809990337381
_delay = 0.007785996856665687
_backend = 'nengo'
_dt = 0.001
_seed = 58
delay = 20.142
rmse = 3.864432419837438e+102