_Kp = 2.0
_Kd = 1.0
_Ki = 0.0
_tau_d = 0.001
_T = 60
_period = 4.0
_adapt = True
_n_neurons = 27
_learning_rate = 1.0
_max_freq = 1
_synapse = 0.01
_radius = 1.0
_D = 10
_scale_add = 1
_noise = 0.03272727310218383
_filter = 0.002639359372213194
_delay = 0.007107851810415809
_backend = 'nengo'
_dt = 0.001
_seed = 99
delay = 0.048
rmse = 0.011153061850454551