_Kp = 2.0
_Kd = 1.0
_Ki = 0.0
_tau_d = 0.001
_T = 60
_period = 4.0
_adapt = True
_n_neurons = 160
_learning_rate = 1.0
_max_freq = 1
_synapse = 0.01
_radius = 1.0
_D = 10
_scale_add = 1
_noise = 0.05829896348214212
_filter = 0.0008990926234805685
_delay = 0.00455655397068289
_backend = 'nengo'
_dt = 0.001
_seed = 31
delay = 0.052000000000000005
rmse = 0.013283811275253528