_Kp = 2.0
_Kd = 1.0
_Ki = 0.0
_tau_d = 0.001
_T = 60
_period = 4.0
_adapt = True
_n_neurons = 3
_learning_rate = 1.0
_max_freq = 1
_synapse = 0.01
_radius = 1.0
_D = 10
_scale_add = 1
_noise = 0.08482698447635395
_filter = 0.007819428921614186
_delay = 0.0022559199137860498
_backend = 'nengo'
_dt = 0.001
_seed = 36
delay = 25.967000000000002
rmse = 3.3534865174051892e+44