_Kp = 2.0
_Kd = 1.0
_Ki = 0.0
_tau_d = 0.001
_T = 60
_period = 4.0
_adapt = True
_n_neurons = 23
_learning_rate = 1.0
_max_freq = 1
_synapse = 0.01
_radius = 1.0
_D = 10
_scale_add = 1
_noise = 0.07890132575178747
_filter = 0.00910530638368592
_delay = 0.007587489952857033
_backend = 'nengo'
_dt = 0.001
_seed = 46
delay = 25.03
rmse = 9.6427274407496191e+44