_Kp = 2.0
_Kd = 1.0
_Ki = 0.0
_tau_d = 0.001
_T = 60
_period = 4.0
_adapt = True
_n_neurons = 1
_learning_rate = 1.0
_max_freq = 1
_synapse = 0.01
_radius = 1.0
_D = 10
_scale_add = 1
_noise = 0.041355692094311405
_filter = 0.007260501695842833
_delay = 0.005941572474925478
_backend = 'nengo'
_dt = 0.001
_seed = 16
delay = 0.234
rmse = 0.19950096328205005