_Kp = 2.0
_Kd = 1.0
_Ki = 0.0
_tau_d = 0.001
_T = 60
_period = 4.0
_adapt = True
_n_neurons = 11
_learning_rate = 1.0
_max_freq = 1
_synapse = 0.01
_radius = 1.0
_D = 10
_scale_add = 1
_noise = 0.06951949057001378
_filter = 0.008530439571739268
_delay = 0.005544529573545707
_backend = 'nengo'
_dt = 0.001
_seed = 34
delay = 19.448
rmse = 7.8163906708670809e+88