_Kp = 2.0
_Kd = 1.0
_Ki = 0.0
_tau_d = 0.001
_T = 60
_period = 4.0
_adapt = True
_n_neurons = 1
_learning_rate = 1.0
_max_freq = 1
_synapse = 0.01
_radius = 1.0
_D = 10
_scale_add = 1
_noise = 0.06649053986604951
_filter = 0.004613939626862133
_delay = 0.00047807553074972087
_backend = 'nengo'
_dt = 0.001
_seed = 70
delay = 0.045
rmse = 0.068382542279460279