_Kp = 2.0
_Kd = 1.0
_Ki = 0.0
_tau_d = 0.001
_T = 60
_period = 4.0
_adapt = True
_n_neurons = 25
_learning_rate = 1.0
_max_freq = 1
_synapse = 0.01
_radius = 1.0
_D = 10
_scale_add = 1
_noise = 0.025956774752982116
_filter = 0.005019792471389494
_delay = 0.0024988969912556557
_backend = 'nengo'
_dt = 0.001
_seed = 75
delay = 0.046
rmse = 0.016132657044070787