_Kp = 2.0
_Kd = 1.0
_Ki = 0.0
_tau_d = 0.001
_T = 60
_period = 4.0
_adapt = True
_n_neurons = 3
_learning_rate = 1.0
_max_freq = 1
_synapse = 0.01
_radius = 1.0
_D = 10
_scale_add = 1
_noise = 0.06658886776087122
_filter = 0.004047026089238349
_delay = 0.007158536824648454
_backend = 'nengo'
_dt = 0.001
_seed = 26
delay = 0.251
rmse = 0.14312049778688463