_Kp = 2.0
_Kd = 1.0
_Ki = 0.0
_tau_d = 0.001
_T = 60
_period = 4.0
_adapt = True
_n_neurons = 7
_learning_rate = 1.0
_max_freq = 1
_synapse = 0.01
_radius = 1.0
_D = 10
_scale_add = 1
_noise = 0.023427561375762008
_filter = 0.004631497373346778
_delay = 0.008501962174132831
_backend = 'nengo'
_dt = 0.001
_seed = 88
delay = 0.1
rmse = 0.075892065071803377