_Kp = 2.0
_Kd = 1.0
_Ki = 0.0
_tau_d = 0.001
_T = 60
_period = 4.0
_adapt = True
_n_neurons = 27
_learning_rate = 1.0
_max_freq = 1
_synapse = 0.01
_radius = 1.0
_D = 10
_scale_add = 1
_noise = 0.03876190271127198
_filter = 0.002904687992518832
_delay = 0.007997660906909392
_backend = 'nengo'
_dt = 0.001
_seed = 14
delay = 22.622
rmse = 1.0105047330961363e+105