_Kp = 2.0
_Kd = 1.0
_Ki = 0.0
_tau_d = 0.001
_T = 60
_period = 4.0
_adapt = True
_n_neurons = 337
_learning_rate = 1.0
_max_freq = 1
_synapse = 0.01
_radius = 1.0
_D = 10
_scale_add = 1
_noise = 0.07340400941388964
_filter = 0.004462366621542348
_delay = 0.002800693623563866
_backend = 'nengo'
_dt = 0.001
_seed = 28
delay = 0.043000000000000003
rmse = 0.016070719601454848