_Kp = 2.0
_Kd = 1.0
_Ki = 0.0
_tau_d = 0.001
_T = 60
_period = 4.0
_adapt = True
_n_neurons = 18
_learning_rate = 1.0
_max_freq = 1
_synapse = 0.01
_radius = 1.0
_D = 10
_scale_add = 1
_noise = 0.0849021785351951
_filter = 0.0006968433178897415
_delay = 0.004362985123270431
_backend = 'nengo'
_dt = 0.001
_seed = 97
delay = 20.351
rmse = 2.9220003770856218e+104