_Kp = 2.0
_Kd = 1.0
_Ki = 0.0
_tau_d = 0.001
_T = 60
_period = 4.0
_adapt = True
_n_neurons = 132
_learning_rate = 1.0
_max_freq = 1
_synapse = 0.01
_radius = 1.0
_D = 10
_scale_add = 1
_noise = 0.05185090374708276
_filter = 0.006560641285435038
_delay = 0.009550900107467604
_backend = 'nengo'
_dt = 0.001
_seed = 81
delay = 0.257
rmse = 0.2304857557753697