_Kp = 2.0
_Kd = 1.0
_Ki = 0.0
_tau_d = 0.001
_T = 20
_path = 'random'
_period = 4.0
_adapt = True
_n_neurons = 500
_learning_rate = 1.0
_max_freq = 1
_synapse = 0.01
_radius = 1.0
_D = 1
_scale_add = 1
_noise = 0.1
_filter = 0.01
_delay = 0.031290968730169066
_backend = 'nengo'
_dt = 0.001
_seed = 5
delay = 0.189
rmse = 0.69257878421068253