_Kp = 2.0
_Kd = 1.0
_Ki = 0.0
_tau_d = 0.001
_T = 60
_period = 4.0
_adapt = True
_n_neurons = 801
_learning_rate = 1.0
_max_freq = 1
_synapse = 0.01
_radius = 1.0
_D = 15
_scale_add = 1
_noise = 0.0828368491844419
_filter = 0.008410827118052777
_delay = 0.006165883745866376
_backend = 'nengo'
_dt = 0.001
_seed = 60
delay = 17.114
rmse = 5.2741340161529387e+95