_Kp = 2.0
_Kd = 1.0
_Ki = 0.0
_tau_d = 0.001
_T = 60
_period = 4.0
_adapt = True
_n_neurons = 15
_learning_rate = 1.0
_max_freq = 1
_synapse = 0.01
_radius = 1.0
_D = 15
_scale_add = 1
_noise = 0.035813445023618676
_filter = 7.519448112416782e-05
_delay = 0.007678517657100825
_backend = 'nengo'
_dt = 0.001
_seed = 54
delay = 0.197
rmse = 0.61490514751317027