_Kp = 2.0
_Kd = 1.0
_Ki = 0.0
_tau_d = 0.001
_T = 60
_period = 4.0
_adapt = True
_n_neurons = 80
_learning_rate = 1.0
_max_freq = 1
_synapse = 0.01
_radius = 1.0
_D = 15
_scale_add = 1
_noise = 0.08706734036487845
_filter = 0.00673952060808731
_delay = 0.0019994746626471483
_backend = 'nengo'
_dt = 0.001
_seed = 64
delay = 0.105
rmse = 0.040453737949371252