_Kp = 2.0
_Kd = 1.0
_Ki = 0.0
_tau_d = 0.001
_T = 60
_period = 4.0
_adapt = True
_n_neurons = 1
_learning_rate = 1.0
_max_freq = 1
_synapse = 0.01
_radius = 1.0
_D = 15
_scale_add = 1
_noise = 0.08483512520374871
_filter = 0.004054189678530225
_delay = 0.007732506018916475
_backend = 'nengo'
_dt = 0.001
_seed = 78
delay = 18.944
rmse = 2.5104059703789678e+83