_Kp = 2.0
_Kd = 1.0
_Ki = 0.0
_tau_d = 0.001
_T = 60
_period = 4.0
_adapt = True
_n_neurons = 46
_learning_rate = 1.0
_max_freq = 1
_synapse = 0.01
_radius = 1.0
_D = 15
_scale_add = 1
_noise = 0.04317600563682814
_filter = 0.004260947898024028
_delay = 0.0068428282938778175
_backend = 'nengo'
_dt = 0.001
_seed = 75
delay = 0.051000000000000004
rmse = 0.017749343128949182