_Kp = 2.0
_Kd = 1.0
_Ki = 0.0
_tau_d = 0.001
_T = 60
_period = 4.0
_adapt = True
_n_neurons = 212
_learning_rate = 1.0
_max_freq = 1
_synapse = 0.01
_radius = 1.0
_D = 15
_scale_add = 1
_noise = 0.01833668263097905
_filter = 0.006729938206455529
_delay = 0.007849803539504877
_backend = 'nengo'
_dt = 0.001
_seed = 72
delay = 0.04
rmse = 0.02835170126962366