_Kp = 2.0
_Kd = 1.0
_Ki = 0.0
_tau_d = 0.001
_T = 60
_period = 4.0
_adapt = True
_n_neurons = 9
_learning_rate = 1.0
_max_freq = 1
_synapse = 0.01
_radius = 1.0
_D = 15
_scale_add = 1
_noise = 0.0915933764654146
_filter = 0.002636641371505536
_delay = 0.0017284292462846063
_backend = 'nengo'
_dt = 0.001
_seed = 61
delay = 0.306
rmse = 0.12261771104334857