_Kp = 2.0
_Kd = 1.0
_Ki = 0.0
_tau_d = 0.001
_T = 60
_period = 4.0
_adapt = True
_n_neurons = 163
_learning_rate = 1.0
_max_freq = 1
_synapse = 0.01
_radius = 1.0
_D = 15
_scale_add = 1
_noise = 0.06139818358716766
_filter = 0.006170948382743741
_delay = 0.006847164678263968
_backend = 'nengo'
_dt = 0.001
_seed = 2
delay = 0.289
rmse = 0.11336110167586634