_Kp = 2.0
_Kd = 1.0
_Ki = 0.0
_tau_d = 0.001
_T = 60
_period = 4.0
_adapt = True
_n_neurons = 16
_learning_rate = 1.0
_max_freq = 1
_synapse = 0.01
_radius = 1.0
_D = 15
_scale_add = 1
_noise = 0.024156578471404733
_filter = 0.0036256245350683937
_delay = 0.0066532273102138904
_backend = 'nengo'
_dt = 0.001
_seed = 32
delay = 0.045
rmse = 0.016063552904278102