_Kp = 2.0
_Kd = 1.0
_Ki = 0.0
_tau_d = 0.001
_T = 60
_period = 4.0
_adapt = True
_n_neurons = 1
_learning_rate = 1.0
_max_freq = 1
_synapse = 0.01
_radius = 1.0
_D = 15
_scale_add = 1
_noise = 0.021491811885386593
_filter = 0.003881751081926833
_delay = 0.00818144731715592
_backend = 'nengo'
_dt = 0.001
_seed = 59
delay = 0.037
rmse = 0.054400363254021943