_Kp = 2.0
_Kd = 1.0
_Ki = 0.0
_tau_d = 0.001
_T = 60
_period = 4.0
_adapt = True
_n_neurons = 3
_learning_rate = 1.0
_max_freq = 1
_synapse = 0.01
_radius = 1.0
_D = 15
_scale_add = 1
_noise = 0.03870469406638401
_filter = 0.007804130497680139
_delay = 0.004618848818489868
_backend = 'nengo'
_dt = 0.001
_seed = 0
delay = 13.548
rmse = 1.8627352063009566e+57