_Kp = 2.0
_Kd = 1.0
_Ki = 0.0
_tau_d = 0.001
_T = 60
_period = 4.0
_adapt = True
_n_neurons = 325
_learning_rate = 1.0
_max_freq = 1
_synapse = 0.01
_radius = 1.0
_D = 15
_scale_add = 1
_noise = 0.020275551140665482
_filter = 0.008423614724894635
_delay = 0.0045425436579829516
_backend = 'nengo'
_dt = 0.001
_seed = 48
delay = 26.441
rmse = 1.2968968777269278e+62