_Kp = 2.0
_Kd = 1.0
_Ki = 0.0
_tau_d = 0.001
_T = 60
_period = 4.0
_adapt = True
_n_neurons = 3
_learning_rate = 1.0
_max_freq = 1
_synapse = 0.01
_radius = 1.0
_D = 15
_scale_add = 1
_noise = 0.02462066438279197
_filter = 0.009139066691565827
_delay = 0.004257589214498417
_backend = 'nengo'
_dt = 0.001
_seed = 42
delay = 25.887
rmse = 8.930222195274435e+58