_Kp = 2.0
_Kd = 1.0
_Ki = 0.0
_tau_d = 0.001
_T = 60
_period = 4.0
_adapt = True
_n_neurons = 141
_learning_rate = 1.0
_max_freq = 1
_synapse = 0.01
_radius = 1.0
_D = 15
_scale_add = 1
_noise = 0.03260976478898318
_filter = 0.0005991358036252703
_delay = 0.00946631448068475
_backend = 'nengo'
_dt = 0.001
_seed = 79
delay = 0.045
rmse = 0.013442391711812647