_Kp = 2.0
_Kd = 1.0
_Ki = 0.0
_tau_d = 0.001
_T = 60
_period = 4.0
_adapt = True
_n_neurons = 3
_learning_rate = 1.0
_max_freq = 1
_synapse = 0.01
_radius = 1.0
_D = 15
_scale_add = 1
_noise = 0.023782603780398006
_filter = 0.008811071988635927
_delay = 0.007847500542343002
_backend = 'nengo'
_dt = 0.001
_seed = 23
delay = 0.026000000000000002
rmse = 0.02652004008589318