_Kp = 2.0
_Kd = 1.0
_Ki = 0.0
_tau_d = 0.001
_T = 60
_period = 4.0
_adapt = True
_n_neurons = 6
_learning_rate = 1.0
_max_freq = 1
_synapse = 0.01
_radius = 1.0
_D = 15
_scale_add = 1
_noise = 0.09095361601460723
_filter = 0.001497685308464738
_delay = 0.003280803914451548
_backend = 'nengo'
_dt = 0.001
_seed = 90
delay = 19.489
rmse = 2.6011812711339317e+92