_Kp = 2.0
_Kd = 1.0
_Ki = 0.0
_tau_d = 0.001
_T = 60
_period = 4.0
_adapt = True
_n_neurons = 5
_learning_rate = 1.0
_max_freq = 1
_synapse = 0.01
_radius = 1.0
_D = 15
_scale_add = 1
_noise = 0.016332585210837913
_filter = 0.008193280890048296
_delay = 0.008074033465874098
_backend = 'nengo'
_dt = 0.001
_seed = 3
delay = 0.295
rmse = 0.16736574663571091