_Kp = 2.0
_Kd = 1.0
_Ki = 0.0
_tau_d = 0.001
_T = 60
_period = 4.0
_adapt = True
_n_neurons = 1
_learning_rate = 1.0
_max_freq = 1
_synapse = 0.01
_radius = 1.0
_D = 15
_scale_add = 1
_noise = 0.017867581927816158
_filter = 0.003327932691429344
_delay = 0.004299324123152521
_backend = 'nengo'
_dt = 0.001
_seed = 81
delay = 14.857000000000001
rmse = 1.8801050839564312e+66