_Kp = 2.0
_Kd = 1.0
_Ki = 0.0
_tau_d = 0.001
_T = 60
_period = 4.0
_adapt = True
_n_neurons = 15
_learning_rate = 1.0
_max_freq = 1
_synapse = 0.01
_radius = 1.0
_D = 15
_scale_add = 1
_noise = 0.08620407633843709
_filter = 0.009791082282170358
_delay = 0.009573685945029518
_backend = 'nengo'
_dt = 0.001
_seed = 7
delay = 0.041
rmse = 0.022103998496208518