_Kp = 2.0
_Kd = 1.0
_Ki = 0.0
_tau_d = 0.001
_T = 60
_period = 4.0
_adapt = True
_n_neurons = 170
_learning_rate = 1.0
_max_freq = 1
_synapse = 0.01
_radius = 1.0
_D = 15
_scale_add = 1
_noise = 0.09542478216413028
_filter = 0.0037457616193940315
_delay = 0.006753558903339647
_backend = 'nengo'
_dt = 0.001
_seed = 12
delay = 14.426
rmse = 1.6061365383986502e+106