_Kp = 2.0
_Kd = 1.0
_Ki = 0.0
_tau_d = 0.001
_T = 60
_period = 4.0
_adapt = True
_n_neurons = 198
_learning_rate = 1.0
_max_freq = 1
_synapse = 0.01
_radius = 1.0
_D = 15
_scale_add = 1
_noise = 0.00262119068385267
_filter = 0.0024561542411573756
_delay = 0.006860526458306902
_backend = 'nengo'
_dt = 0.001
_seed = 71
delay = 0.452
rmse = 1.7178558695536335