_Kp = 2.0
_Kd = 1.0
_Ki = 0.0
_tau_d = 0.001
_T = 60
_period = 4.0
_adapt = True
_n_neurons = 2
_learning_rate = 1.0
_max_freq = 1
_synapse = 0.01
_radius = 1.0
_D = 15
_scale_add = 1
_noise = 0.005279089808588733
_filter = 0.00368743886498056
_delay = 0.006696545617538422
_backend = 'nengo'
_dt = 0.001
_seed = 3
delay = 0.138
rmse = 0.37379676062517975