_Kp = 2.0
_Kd = 1.0
_Ki = 0.0
_tau_d = 0.001
_T = 60
_period = 4.0
_adapt = True
_n_neurons = 21
_learning_rate = 1.0
_max_freq = 1
_synapse = 0.01
_radius = 1.0
_D = 15
_scale_add = 1
_noise = 0.031110153094790163
_filter = 0.002013562063751936
_delay = 0.008137939208505503
_backend = 'nengo'
_dt = 0.001
_seed = 80
delay = 13.321
rmse = 7.1441374540404791e+45