_Kp = 2.0
_Kd = 1.0
_Ki = 0.0
_tau_d = 0.001
_T = 60
_period = 4.0
_adapt = True
_n_neurons = 835
_learning_rate = 1.0
_max_freq = 1
_synapse = 0.01
_radius = 1.0
_D = 15
_scale_add = 1
_noise = 0.09564260260654686
_filter = 0.004038422202119569
_delay = 0.0058388364101413445
_backend = 'nengo'
_dt = 0.001
_seed = 87
delay = 0.047
rmse = 0.020178367595231596