_Kp = 2.0
_Kd = 1.0
_Ki = 0.0
_tau_d = 0.001
_T = 60
_period = 4.0
_adapt = True
_n_neurons = 202
_learning_rate = 1.0
_max_freq = 1
_synapse = 0.01
_radius = 1.0
_D = 15
_scale_add = 1
_noise = 0.09690457081453673
_filter = 0.007908699379611299
_delay = 0.0018359412129065101
_backend = 'nengo'
_dt = 0.001
_seed = 62
delay = 22.917
rmse = 8.0293359522048779e+33