_Kp = 2.0
_Kd = 1.0
_Ki = 0.0
_tau_d = 0.001
_T = 60
_period = 4.0
_adapt = True
_n_neurons = 25
_learning_rate = 1.0
_max_freq = 1
_synapse = 0.01
_radius = 1.0
_D = 15
_scale_add = 1
_noise = 0.03179722038872514
_filter = 0.0004751204419672728
_delay = 0.0068861781889951726
_backend = 'nengo'
_dt = 0.001
_seed = 55
delay = 25.477
rmse = 1.6126387125829906e+84