_Kp = 2.0
_Kd = 1.0
_Ki = 0.0
_tau_d = 0.001
_T = 60
_period = 4.0
_adapt = True
_n_neurons = 6
_learning_rate = 1.0
_max_freq = 1
_synapse = 0.01
_radius = 1.0
_D = 15
_scale_add = 1
_noise = 0.01442426557534231
_filter = 0.0018430706201061776
_delay = 0.008416785017073878
_backend = 'nengo'
_dt = 0.001
_seed = 52
delay = 25.337
rmse = 1.3803665343162257e+19