_Kp = 2.0
_Kd = 1.0
_Ki = 0.0
_tau_d = 0.001
_T = 60
_period = 4.0
_adapt = True
_n_neurons = 25
_learning_rate = 1.0
_max_freq = 1
_synapse = 0.01
_radius = 1.0
_D = 15
_scale_add = 1
_noise = 0.0669937865196825
_filter = 0.007792319291421787
_delay = 0.0029020038221746636
_backend = 'nengo'
_dt = 0.001
_seed = 19
delay = 0.243
rmse = 0.08986450428598862