_Kp = 2.0
_Kd = 1.0
_Ki = 0.0
_tau_d = 0.001
_T = 60
_period = 4.0
_adapt = True
_n_neurons = 941
_learning_rate = 1.0
_max_freq = 1
_synapse = 0.01
_radius = 1.0
_D = 15
_scale_add = 1
_noise = 0.04943855682829862
_filter = 0.006749571330353765
_delay = 0.008381000123345363
_backend = 'nengo'
_dt = 0.001
_seed = 50
delay = 0.045
rmse = 0.016132984541823176