_Kp = 2.0
_Kd = 1.0
_Ki = 0.0
_tau_d = 0.001
_T = 60
_period = 4.0
_adapt = True
_n_neurons = 19
_learning_rate = 1.0
_max_freq = 1
_synapse = 0.01
_radius = 1.0
_D = 15
_scale_add = 1
_noise = 0.0552028554149326
_filter = 0.004712009032889848
_delay = 0.0025177473785851978
_backend = 'nengo'
_dt = 0.001
_seed = 45
delay = 20.467
rmse = 2.2860601507231418e+119