_Kp = 2.0
_Kd = 1.0
_Ki = 0.0
_tau_d = 0.001
_T = 60
_period = 4.0
_adapt = True
_n_neurons = 5
_learning_rate = 1.0
_max_freq = 1
_synapse = 0.01
_radius = 1.0
_D = 15
_scale_add = 1
_noise = 0.0006470027727160099
_filter = 0.0068226029476964
_delay = 0.0030914014400801027
_backend = 'nengo'
_dt = 0.001
_seed = 9
delay = 16.782
rmse = 1.8560837130674463e+117