_Kp = 2.0
_Kd = 1.0
_Ki = 0.0
_tau_d = 0.001
_T = 60
_period = 4.0
_adapt = True
_n_neurons = 7
_learning_rate = 1.0
_max_freq = 1
_synapse = 0.01
_radius = 1.0
_D = 15
_scale_add = 1
_noise = 0.00882111064384381
_filter = 0.0033038859686594702
_delay = 0.0037789153906189277
_backend = 'nengo'
_dt = 0.001
_seed = 5
delay = 0.037
rmse = 0.028700710913231172