_Kp = 2.0
_Kd = 1.0
_Ki = 0.0
_tau_d = 0.001
_T = 60
_period = 4.0
_adapt = True
_n_neurons = 76
_learning_rate = 1.0
_max_freq = 1
_synapse = 0.01
_radius = 1.0
_D = 15
_scale_add = 1
_noise = 0.05529159278337345
_filter = 0.001713996247501487
_delay = 0.003594458758158584
_backend = 'nengo'
_dt = 0.001
_seed = 25
delay = 21.462
rmse = 6.7468131038501628e+44