_Kp = 2.0
_Kd = 1.0
_Ki = 0.0
_tau_d = 0.001
_T = 60
_period = 4.0
_adapt = True
_n_neurons = 803
_learning_rate = 1.0
_max_freq = 1
_synapse = 0.01
_radius = 1.0
_D = 15
_scale_add = 1
_noise = 0.02880521386605153
_filter = 0.008354887720526642
_delay = 0.004071410277942179
_backend = 'nengo'
_dt = 0.001
_seed = 29
delay = 0.216
rmse = 1.4953070014258758