_Kp = 2.0
_Kd = 1.0
_Ki = 0.0
_tau_d = 0.001
_T = 60
_period = 4.0
_adapt = True
_n_neurons = 10
_learning_rate = 1.0
_max_freq = 1
_synapse = 0.01
_radius = 1.0
_D = 15
_scale_add = 1
_noise = 0.026918081816457464
_filter = 0.0052691401210407255
_delay = 0.001699441026995251
_backend = 'nengo'
_dt = 0.001
_seed = 92
delay = 20.916
rmse = 9.7806992564403866e+60