_Kp = 2.0
_Kd = 1.0
_Ki = 0.0
_tau_d = 0.001
_T = 60
_period = 4.0
_adapt = True
_n_neurons = 20
_learning_rate = 1.0
_max_freq = 1
_synapse = 0.01
_radius = 1.0
_D = 15
_scale_add = 1
_noise = 0.07768532732017373
_filter = 0.005002079523339171
_delay = 0.0035481973161201144
_backend = 'nengo'
_dt = 0.001
_seed = 36
delay = 19.817
rmse = 1.3965608464591327e+75