_Kp = 2.0
_Kd = 1.0
_Ki = 0.0
_tau_d = 0.001
_T = 60
_period = 4.0
_adapt = True
_n_neurons = 226
_learning_rate = 1.0
_max_freq = 1
_synapse = 0.01
_radius = 1.0
_D = 15
_scale_add = 1
_noise = 0.04852584533099327
_filter = 0.00705355979744319
_delay = 0.0016878345337000577
_backend = 'nengo'
_dt = 0.001
_seed = 85
delay = 0.048
rmse = 0.025291844369025939