_Kp = 2.0
_Kd = 1.0
_Ki = 0.0
_tau_d = 0.001
_T = 60
_period = 4.0
_adapt = True
_n_neurons = 302
_learning_rate = 1.0
_max_freq = 1
_synapse = 0.01
_radius = 1.0
_D = 15
_scale_add = 1
_noise = 0.01954638644724571
_filter = 0.002610456272645588
_delay = 0.009906070922713827
_backend = 'nengo'
_dt = 0.001
_seed = 0
delay = 15.999
rmse = 2.2676011857048864e+57