_Kp = 2.0
_Kd = 1.0
_Ki = 0.0
_tau_d = 0.001
_T = 60
_period = 4.0
_adapt = True
_n_neurons = 18
_learning_rate = 1.0
_max_freq = 1
_synapse = 0.01
_radius = 1.0
_D = 15
_scale_add = 1
_noise = 0.06521390171081991
_filter = 0.006549723090695604
_delay = 0.0019200427882899852
_backend = 'nengo'
_dt = 0.001
_seed = 28
delay = 20.741
rmse = 9.5624047755229001e+70