_Kp = 2.0
_Kd = 1.0
_Ki = 0.0
_tau_d = 0.001
_T = 60
_period = 4.0
_adapt = True
_n_neurons = 1
_learning_rate = 1.0
_max_freq = 1
_synapse = 0.01
_radius = 1.0
_D = 15
_scale_add = 1
_noise = 0.07192665171872913
_filter = 0.008379488973583602
_delay = 0.003937575704883177
_backend = 'nengo'
_dt = 0.001
_seed = 56
delay = 14.179
rmse = 2.0433066021628629e+80