_Kp = 2.0
_Kd = 1.0
_Ki = 0.0
_tau_d = 0.001
_T = 60
_period = 4.0
_adapt = True
_n_neurons = 50
_learning_rate = 1.0
_max_freq = 1
_synapse = 0.01
_radius = 1.0
_D = 15
_scale_add = 1
_noise = 0.0869285724727125
_filter = 0.007487997144874849
_delay = 0.007788135242500543
_backend = 'nengo'
_dt = 0.001
_seed = 67
delay = 16.088
rmse = 6.5548378987485719e+131