_Kp = 2.0
_Kd = 1.0
_Ki = 0.0
_tau_d = 0.001
_T = 60
_period = 4.0
_adapt = True
_n_neurons = 271
_learning_rate = 1.0
_max_freq = 1
_synapse = 0.01
_radius = 1.0
_D = 15
_scale_add = 1
_noise = 0.06504360809881214
_filter = 0.0005795687429065721
_delay = 0.002437323280753705
_backend = 'nengo'
_dt = 0.001
_seed = 95
delay = 0.078
rmse = 0.019490408116384719