_Kp = 2.0
_Kd = 1.0
_Ki = 0.0
_tau_d = 0.001
_T = 60
_period = 4.0
_adapt = True
_n_neurons = 892
_learning_rate = 1.0
_max_freq = 1
_synapse = 0.01
_radius = 1.0
_D = 15
_scale_add = 1
_noise = 0.02275244336270088
_filter = 0.005819894774500028
_delay = 0.002324971953737988
_backend = 'nengo'
_dt = 0.001
_seed = 26
delay = 0.049
rmse = 0.011530640538166697