_Kp = 2.0
_Kd = 1.0
_Ki = 0.0
_tau_d = 0.001
_T = 60
_period = 4.0
_adapt = True
_n_neurons = 498
_learning_rate = 1.0
_max_freq = 1
_synapse = 0.01
_radius = 1.0
_D = 15
_scale_add = 1
_noise = 0.006172869808240067
_filter = 0.004022759354983938
_delay = 0.0066423533214618885
_backend = 'nengo'
_dt = 0.001
_seed = 18
delay = 0.054
rmse = 0.024183261545183462