_Kp = 2.0
_Kd = 1.0
_Ki = 0.0
_tau_d = 0.001
_T = 60
_period = 4.0
_adapt = True
_n_neurons = 749
_learning_rate = 1.0
_max_freq = 1
_synapse = 0.01
_radius = 1.0
_D = 15
_scale_add = 1
_noise = 0.028370482492834248
_filter = 0.00238322502552065
_delay = 0.009519662377045848
_backend = 'nengo'
_dt = 0.001
_seed = 24
delay = 16.549
rmse = 9.7242008461186398e+80