_Kp = 2.0
_Kd = 1.0
_Ki = 0.0
_tau_d = 0.001
_T = 60
_period = 4.0
_adapt = True
_n_neurons = 20
_learning_rate = 1.0
_max_freq = 1
_synapse = 0.01
_radius = 1.0
_D = 15
_scale_add = 1
_noise = 0.09228774537992007
_filter = 0.0019171150956830486
_delay = 0.0005231893906536888
_backend = 'nengo'
_dt = 0.001
_seed = 65
delay = 0.162
rmse = 0.054309397160822864