_Kp = 2.0
_Kd = 1.0
_Ki = 0.0
_tau_d = 0.001
_T = 60
_period = 4.0
_adapt = True
_n_neurons = 1
_learning_rate = 1.0
_max_freq = 1
_synapse = 0.01
_radius = 1.0
_D = 15
_scale_add = 1
_noise = 0.020705174732730536
_filter = 0.008084865099878288
_delay = 0.006525298626734997
_backend = 'nengo'
_dt = 0.001
_seed = 82
delay = 13.975
rmse = 2.6760865512437431e+59