_Kp = 2.0
_Kd = 1.0
_Ki = 0.0
_tau_d = 0.001
_T = 60
_period = 4.0
_adapt = True
_n_neurons = 329
_learning_rate = 1.0
_max_freq = 1
_synapse = 0.01
_radius = 1.0
_D = 15
_scale_add = 1
_noise = 0.08229675670222292
_filter = 0.0032798613560513323
_delay = 0.009928909324084334
_backend = 'nengo'
_dt = 0.001
_seed = 10
delay = 0.062
rmse = 0.026781237369835561