_Kp = 2.0
_Kd = 1.0
_Ki = 0.0
_tau_d = 0.001
_T = 60
_period = 4.0
_adapt = True
_n_neurons = 18
_learning_rate = 1.0
_max_freq = 1
_synapse = 0.01
_radius = 1.0
_D = 15
_scale_add = 1
_noise = 0.031130568003278715
_filter = 0.007864625650063956
_delay = 0.0027665555235324222
_backend = 'nengo'
_dt = 0.001
_seed = 17
delay = 19.028
rmse = 2.4622745117887222e+94