_Kp = 2.0
_Kd = 1.0
_Ki = 0.0
_tau_d = 0.001
_T = 60
_period = 4.0
_adapt = True
_n_neurons = 426
_learning_rate = 1.0
_max_freq = 1
_synapse = 0.01
_radius = 1.0
_D = 15
_scale_add = 1
_noise = 0.08012383184145032
_filter = 0.003685707529160366
_delay = 0.004097106259323285
_backend = 'nengo'
_dt = 0.001
_seed = 83
delay = 19.048000000000002
rmse = 3.1097391081196752e+63