_Kp = 2.0
_Kd = 1.0
_Ki = 0.0
_tau_d = 0.001
_T = 60
_period = 4.0
_adapt = True
_n_neurons = 91
_learning_rate = 1.0
_max_freq = 1
_synapse = 0.01
_radius = 1.0
_D = 15
_scale_add = 1
_noise = 0.04689627280177422
_filter = 0.003003129010714647
_delay = 0.00841026451432383
_backend = 'nengo'
_dt = 0.001
_seed = 31
delay = 0.182
rmse = 0.26518283107094098