_Kp = 2.0
_Kd = 1.0
_Ki = 0.0
_tau_d = 0.001
_T = 60
_period = 4.0
_adapt = True
_n_neurons = 647
_learning_rate = 1.0
_max_freq = 1
_synapse = 0.01
_radius = 1.0
_D = 15
_scale_add = 1
_noise = 0.03876376685096699
_filter = 0.0032339980707062044
_delay = 0.00971697795099304
_backend = 'nengo'
_dt = 0.001
_seed = 58
delay = 16.358
rmse = 2.9303696777920157e+78