_Kp = 2.0
_Kd = 1.0
_Ki = 0.0
_tau_d = 0.001
_T = 60
_period = 4.0
_adapt = True
_n_neurons = 18
_learning_rate = 1.0
_max_freq = 1
_synapse = 0.01
_radius = 1.0
_D = 15
_scale_add = 1
_noise = 0.002393078511715963
_filter = 0.006303930383444263
_delay = 0.006150727725582171
_backend = 'nengo'
_dt = 0.001
_seed = 77
delay = 11.402000000000001
rmse = 3.1290317661341113e+31