_Kp = 2.0
_Kd = 1.0
_Ki = 0.0
_tau_d = 0.001
_T = 60
_period = 4.0
_adapt = True
_n_neurons = 4
_learning_rate = 1.0
_max_freq = 1
_synapse = 0.01
_radius = 1.0
_D = 15
_scale_add = 1
_noise = 0.09319325534152405
_filter = 0.006408738705195081
_delay = 0.0031379431106886325
_backend = 'nengo'
_dt = 0.001
_seed = 35
delay = 17.529
rmse = 5.5983978296401566e+133