_Kp = 2.0
_Kd = 1.0
_Ki = 0.0
_tau_d = 0.001
_T = 60
_period = 4.0
_adapt = True
_n_neurons = 77
_learning_rate = 1.0
_max_freq = 1
_synapse = 0.01
_radius = 1.0
_D = 15
_scale_add = 1
_noise = 0.0889492753971079
_filter = 0.00175927279189113
_delay = 0.00479479625445017
_backend = 'nengo'
_dt = 0.001
_seed = 1
delay = 18.36
rmse = 6.4105372037586519e+52