_Kp = 2.0
_Kd = 1.0
_Ki = 0.0
_tau_d = 0.001
_T = 60
_period = 4.0
_adapt = True
_n_neurons = 391
_learning_rate = 1.0
_max_freq = 1
_synapse = 0.01
_radius = 1.0
_D = 15
_scale_add = 1
_noise = 0.008176047661471465
_filter = 0.005146652712507864
_delay = 0.007972714416176972
_backend = 'nengo'
_dt = 0.001
_seed = 10
delay = 0.059000000000000004
rmse = 0.025697638361727997