_Kp = 2.0
_Kd = 1.0
_Ki = 0.0
_tau_d = 0.001
_T = 60
_period = 4.0
_adapt = True
_n_neurons = 5
_learning_rate = 1.0
_max_freq = 1
_synapse = 0.01
_radius = 1.0
_D = 15
_scale_add = 1
_noise = 0.09766911496816504
_filter = 0.006242582708016138
_delay = 0.007020097679302881
_backend = 'nengo'
_dt = 0.001
_seed = 1
delay = 18.626
rmse = 1.8150171945279296e+52