_Kp = 2.0
_Kd = 1.0
_Ki = 0.0
_tau_d = 0.001
_T = 60
_period = 4.0
_adapt = True
_n_neurons = 47
_learning_rate = 1.0
_max_freq = 1
_synapse = 0.01
_radius = 1.0
_D = 15
_scale_add = 1
_noise = 0.048554332179537966
_filter = 0.008856597457315842
_delay = 0.0092430474699348
_backend = 'nengo'
_dt = 0.001
_seed = 47
delay = 14.053
rmse = 6.0819709660901825e+74