_Kp = 2.0
_Kd = 1.0
_Ki = 0.0
_tau_d = 0.001
_T = 60
_period = 4.0
_adapt = True
_n_neurons = 214
_learning_rate = 1.0
_max_freq = 1
_synapse = 0.01
_radius = 1.0
_D = 15
_scale_add = 1
_noise = 0.055071310552791256
_filter = 0.008984489407495475
_delay = 0.0015011313189602716
_backend = 'nengo'
_dt = 0.001
_seed = 73
delay = 0.148
rmse = 6.6737931931309733