_Kp = 2.0
_Kd = 1.0
_Ki = 0.0
_tau_d = 0.001
_T = 60
_period = 4.0
_adapt = True
_n_neurons = 52
_learning_rate = 1.0
_max_freq = 1
_synapse = 0.01
_radius = 1.0
_D = 15
_scale_add = 1
_noise = 0.042774314049777155
_filter = 0.007941969869276486
_delay = 0.008339471729942202
_backend = 'nengo'
_dt = 0.001
_seed = 94
delay = 24.708000000000002
rmse = 4.414191100744542e+96