_Kp = 2.0
_Kd = 1.0
_Ki = 0.0
_tau_d = 0.001
_T = 60
_period = 4.0
_adapt = True
_n_neurons = 92
_learning_rate = 1.0
_max_freq = 1
_synapse = 0.01
_radius = 1.0
_D = 15
_scale_add = 1
_noise = 0.06355386036197623
_filter = 0.0004185235263968867
_delay = 1.3163211493504302e-05
_backend = 'nengo'
_dt = 0.001
_seed = 15
delay = 18.484
rmse = 9.87371860654139e+144