_Kp = 2.0
_Kd = 1.0
_Ki = 0.0
_tau_d = 0.001
_T = 60
_period = 4.0
_adapt = True
_n_neurons = 9
_learning_rate = 1.0
_max_freq = 1
_synapse = 0.01
_radius = 1.0
_D = 15
_scale_add = 1
_noise = 0.06927357186302059
_filter = 0.005767645340737533
_delay = 0.00675772625687614
_backend = 'nengo'
_dt = 0.001
_seed = 69
delay = 0.046
rmse = 0.030572794640573414