_Kp = 2.0
_Kd = 1.0
_Ki = 0.0
_tau_d = 0.001
_T = 60
_period = 4.0
_adapt = True
_n_neurons = 1
_learning_rate = 1.0
_max_freq = 1
_synapse = 0.01
_radius = 1.0
_D = 15
_scale_add = 1
_noise = 0.07360161748166577
_filter = 0.005206962671778205
_delay = 0.001967802036261962
_backend = 'nengo'
_dt = 0.001
_seed = 8
delay = 18.937
rmse = 4.3181004353583371e+72