_Kp = 2.0
_Kd = 1.0
_Ki = 0.0
_tau_d = 0.001
_T = 60
_period = 4.0
_adapt = True
_n_neurons = 10
_learning_rate = 1.0
_max_freq = 1
_synapse = 0.01
_radius = 1.0
_D = 15
_scale_add = 1
_noise = 0.015159475474179986
_filter = 0.0027928804487369896
_delay = 0.0019041647957538422
_backend = 'nengo'
_dt = 0.001
_seed = 88
delay = 14.71
rmse = 3.5366970058120304e+52