_Kp = 2.0
_Kd = 1.0
_Ki = 0.0
_tau_d = 0.001
_T = 60
_period = 4.0
_adapt = True
_n_neurons = 12
_learning_rate = 1.0
_max_freq = 1
_synapse = 0.01
_radius = 1.0
_D = 15
_scale_add = 1
_noise = 0.06564320712507575
_filter = 0.00593883640267312
_delay = 0.0073231224946749655
_backend = 'nengo'
_dt = 0.001
_seed = 21
delay = 9.135
rmse = 6.5719047338957e+37