_Kp = 2.0
_Kd = 1.0
_Ki = 0.0
_tau_d = 0.001
_T = 60
_period = 4.0
_adapt = True
_n_neurons = 146
_learning_rate = 1.0
_max_freq = 1
_synapse = 0.01
_radius = 1.0
_D = 1
_scale_add = 1
_noise = 0.05059925323346486
_filter = 0.007723245783111859
_delay = 0.007925568258050067
_backend = 'nengo'
_dt = 0.001
_seed = 44
delay = 0.049
rmse = 0.017426781194590044