_Kp = 2.0
_Kd = 1.0
_Ki = 0.0
_tau_d = 0.001
_T = 60
_period = 4.0
_adapt = True
_n_neurons = 11
_learning_rate = 1.0
_max_freq = 1
_synapse = 0.01
_radius = 1.0
_D = 1
_scale_add = 1
_noise = 0.023031649284578126
_filter = 0.006420502141836846
_delay = 0.0013684067818211998
_backend = 'nengo'
_dt = 0.001
_seed = 36
delay = 0.048
rmse = 0.017502694576620046