_Kp = 2.0
_Kd = 1.0
_Ki = 0.0
_tau_d = 0.001
_T = 60
_period = 4.0
_adapt = True
_n_neurons = 432
_learning_rate = 1.0
_max_freq = 1
_synapse = 0.01
_radius = 1.0
_D = 1
_scale_add = 1
_noise = 0.02867141477989398
_filter = 0.005557715206847841
_delay = 0.000651049653125817
_backend = 'nengo'
_dt = 0.001
_seed = 68
delay = 0.048
rmse = 0.013207195614354152