_Kp = 2.0
_Kd = 1.0
_Ki = 0.0
_tau_d = 0.001
_T = 60
_period = 4.0
_adapt = True
_n_neurons = 126
_learning_rate = 1.0
_max_freq = 1
_synapse = 0.01
_radius = 1.0
_D = 1
_scale_add = 1
_noise = 0.0893488950663855
_filter = 0.0027266617764824374
_delay = 0.0016669387712864136
_backend = 'nengo'
_dt = 0.001
_seed = 23
delay = 0.047
rmse = 0.015488257389303869