_Kp = 2.0
_Kd = 1.0
_Ki = 0.0
_tau_d = 0.001
_T = 60
_period = 4.0
_adapt = True
_n_neurons = 5
_learning_rate = 1.0
_max_freq = 1
_synapse = 0.01
_radius = 1.0
_D = 1
_scale_add = 1
_noise = 0.04739441686673849
_filter = 0.006033721467741619
_delay = 0.0027261954870464278
_backend = 'nengo'
_dt = 0.001
_seed = 45
delay = 0.08600000000000001
rmse = 0.027395140592771646