_Kp = 2.0
_Kd = 1.0
_Ki = 0.0
_tau_d = 0.001
_T = 60
_period = 4.0
_adapt = True
_n_neurons = 90
_learning_rate = 1.0
_max_freq = 1
_synapse = 0.01
_radius = 1.0
_D = 1
_scale_add = 1
_noise = 0.008606743996675326
_filter = 0.0029921209031003836
_delay = 0.007951847491759268
_backend = 'nengo'
_dt = 0.001
_seed = 74
delay = 0.041
rmse = 0.0085777039248729117