_Kp = 2.0
_Kd = 1.0
_Ki = 0.0
_tau_d = 0.001
_T = 60
_period = 4.0
_adapt = True
_n_neurons = 49
_learning_rate = 1.0
_max_freq = 1
_synapse = 0.01
_radius = 1.0
_D = 1
_scale_add = 1
_noise = 0.03070022418486125
_filter = 0.0002116571504255982
_delay = 0.004045101084564019
_backend = 'nengo'
_dt = 0.001
_seed = 35
delay = 0.045
rmse = 0.010674010863389611