_Kp = 2.0
_Kd = 1.0
_Ki = 0.0
_tau_d = 0.001
_T = 60
_period = 4.0
_adapt = True
_n_neurons = 10
_learning_rate = 1.0
_max_freq = 1
_synapse = 0.01
_radius = 1.0
_D = 1
_scale_add = 1
_noise = 0.010960010286436096
_filter = 0.007629445862401
_delay = 0.0026148895447880905
_backend = 'nengo'
_dt = 0.001
_seed = 4
delay = 0.04
rmse = 0.0095398683330979051