_Kp = 2.0
_Kd = 1.0
_Ki = 0.0
_tau_d = 0.001
_T = 60
_period = 4.0
_adapt = True
_n_neurons = 9
_learning_rate = 1.0
_max_freq = 1
_synapse = 0.01
_radius = 1.0
_D = 1
_scale_add = 1
_noise = 0.07763755220973174
_filter = 0.002411093597086329
_delay = 0.006955016486752728
_backend = 'nengo'
_dt = 0.001
_seed = 31
delay = 0.042
rmse = 0.012368170478783542