_Kp = 2.0
_Kd = 1.0
_Ki = 0.0
_tau_d = 0.001
_T = 60
_period = 4.0
_adapt = True
_n_neurons = 175
_learning_rate = 1.0
_max_freq = 1
_synapse = 0.01
_radius = 1.0
_D = 1
_scale_add = 1
_noise = 0.04659682083802912
_filter = 0.009032990227723
_delay = 0.008310438048541462
_backend = 'nengo'
_dt = 0.001
_seed = 43
delay = 0.035
rmse = 0.0077689051914138904