_Kp = 2.0
_Kd = 1.0
_Ki = 0.0
_tau_d = 0.001
_T = 60
_period = 4.0
_adapt = True
_n_neurons = 1
_learning_rate = 1.0
_max_freq = 1
_synapse = 0.01
_radius = 1.0
_D = 1
_scale_add = 1
_noise = 0.03692992099557298
_filter = 0.005686482037960875
_delay = 0.003884686122488701
_backend = 'nengo'
_dt = 0.001
_seed = 40
delay = 0.047
rmse = 0.056826635230038607