_Kp = 2.0
_Kd = 1.0
_Ki = 0.0
_tau_d = 0.001
_T = 60
_period = 4.0
_adapt = True
_n_neurons = 838
_learning_rate = 1.0
_max_freq = 1
_synapse = 0.01
_radius = 1.0
_D = 1
_scale_add = 1
_noise = 0.019106400845888362
_filter = 0.003817001852714466
_delay = 0.009177058803999006
_backend = 'nengo'
_dt = 0.001
_seed = 54
delay = 0.038
rmse = 0.0085510087605564153