_Kp = 2.0
_Kd = 1.0
_Ki = 0.0
_tau_d = 0.001
_T = 60
_period = 4.0
_adapt = True
_n_neurons = 22
_learning_rate = 1.0
_max_freq = 1
_synapse = 0.01
_radius = 1.0
_D = 1
_scale_add = 1
_noise = 0.0234740554083836
_filter = 9.848019880540738e-05
_delay = 0.004544289161370472
_backend = 'nengo'
_dt = 0.001
_seed = 17
delay = 0.047
rmse = 0.020065132989971316