_Kp = 2.0
_Kd = 1.0
_Ki = 0.0
_tau_d = 0.001
_T = 60
_period = 4.0
_adapt = True
_n_neurons = 1
_learning_rate = 1.0
_max_freq = 1
_synapse = 0.01
_radius = 1.0
_D = 1
_scale_add = 1
_noise = 0.014754685638305877
_filter = 0.008327230744049488
_delay = 0.006370585734815699
_backend = 'nengo'
_dt = 0.001
_seed = 46
delay = 0.037
rmse = 0.060943732727380899