_Kp = 2.0
_Kd = 1.0
_Ki = 0.0
_tau_d = 0.001
_T = 60
_period = 4.0
_adapt = True
_n_neurons = 5
_learning_rate = 1.0
_max_freq = 1
_synapse = 0.01
_radius = 1.0
_D = 1
_scale_add = 1
_noise = 0.016126450610072285
_filter = 0.0025504330265516927
_delay = 0.003384276097377322
_backend = 'nengo'
_dt = 0.001
_seed = 53
delay = 0.045
rmse = 0.0086130980145969639