_Kp = 2.0
_Kd = 1.0
_Ki = 0.0
_tau_d = 0.001
_T = 60
_period = 4.0
_adapt = True
_n_neurons = 26
_learning_rate = 1.0
_max_freq = 1
_synapse = 0.01
_radius = 1.0
_D = 1
_scale_add = 1
_noise = 0.08963605247186755
_filter = 0.009379612172511473
_delay = 0.0058533695358058595
_backend = 'nengo'
_dt = 0.001
_seed = 78
delay = 0.037
rmse = 0.016478162490064622