_Kp = 2.0
_Kd = 1.0
_Ki = 0.0
_tau_d = 0.001
_T = 60
_period = 4.0
_adapt = True
_n_neurons = 14
_learning_rate = 1.0
_max_freq = 1
_synapse = 0.01
_radius = 1.0
_D = 1
_scale_add = 1
_noise = 0.021429220049893383
_filter = 0.008970753080688424
_delay = 0.002177724650718165
_backend = 'nengo'
_dt = 0.001
_seed = 67
delay = 0.039
rmse = 0.01418837089889426