_Kp = 2.0
_Kd = 1.0
_Ki = 0.0
_tau_d = 0.001
_T = 60
_period = 4.0
_adapt = True
_n_neurons = 7
_learning_rate = 1.0
_max_freq = 1
_synapse = 0.01
_radius = 1.0
_D = 1
_scale_add = 1
_noise = 0.09254416405291192
_filter = 0.007311194455013459
_delay = 0.0008605614191508971
_backend = 'nengo'
_dt = 0.001
_seed = 93
delay = 0.044
rmse = 0.021716933648724589