_Kp = 2.0
_Kd = 1.0
_Ki = 0.0
_tau_d = 0.001
_T = 60
_period = 4.0
_adapt = True
_n_neurons = 94
_learning_rate = 1.0
_max_freq = 1
_synapse = 0.01
_radius = 1.0
_D = 1
_scale_add = 1
_noise = 0.0656241456109559
_filter = 0.00023168651728443956
_delay = 0.009256112722197509
_backend = 'nengo'
_dt = 0.001
_seed = 73
delay = 0.06
rmse = 0.018634218236431618