_Kp = 2.0
_Kd = 1.0
_Ki = 0.0
_tau_d = 0.001
_T = 60
_period = 4.0
_adapt = True
_n_neurons = 2
_learning_rate = 1.0
_max_freq = 1
_synapse = 0.01
_radius = 1.0
_D = 1
_scale_add = 1
_noise = 0.07916843140240022
_filter = 0.007391474892643184
_delay = 0.006546240994453159
_backend = 'nengo'
_dt = 0.001
_seed = 51
delay = 0.038
rmse = 0.033740402012886722