_Kp = 2.0
_Kd = 1.0
_Ki = 0.0
_tau_d = 0.001
_T = 60
_period = 4.0
_adapt = True
_n_neurons = 116
_learning_rate = 1.0
_max_freq = 1
_synapse = 0.01
_radius = 1.0
_D = 1
_scale_add = 1
_noise = 0.02411679957551447
_filter = 0.005363031509356851
_delay = 0.008881313343802738
_backend = 'nengo'
_dt = 0.001
_seed = 58
delay = 0.03
rmse = 0.0064533777625849931