_Kp = 2.0
_Kd = 1.0
_Ki = 0.0
_tau_d = 0.001
_T = 60
_period = 4.0
_adapt = True
_n_neurons = 264
_learning_rate = 1.0
_max_freq = 1
_synapse = 0.01
_radius = 1.0
_D = 1
_scale_add = 1
_noise = 0.009967533829032739
_filter = 0.008165634797627129
_delay = 0.007835543261813665
_backend = 'nengo'
_dt = 0.001
_seed = 19
delay = 0.034
rmse = 0.0068561730659145656