_Kp = 2.0
_Kd = 1.0
_Ki = 0.0
_tau_d = 0.001
_T = 60
_period = 4.0
_adapt = True
_n_neurons = 70
_learning_rate = 1.0
_max_freq = 1
_synapse = 0.01
_radius = 1.0
_D = 1
_scale_add = 1
_noise = 0.042520660854145166
_filter = 0.002576357741718591
_delay = 0.0052792666342842435
_backend = 'nengo'
_dt = 0.001
_seed = 3
delay = 0.043000000000000003
rmse = 0.017627729154115555