_Kp = 2.0
_Kd = 1.0
_Ki = 0.0
_tau_d = 0.001
_T = 60
_period = 4.0
_adapt = True
_n_neurons = 262
_learning_rate = 1.0
_max_freq = 1
_synapse = 0.01
_radius = 1.0
_D = 1
_scale_add = 1
_noise = 0.07319574436566308
_filter = 0.0071482779566546875
_delay = 0.004340966438580121
_backend = 'nengo'
_dt = 0.001
_seed = 69
delay = 0.04
rmse = 0.011558442176601527