_Kp = 2.0
_Kd = 1.0
_Ki = 0.0
_tau_d = 0.001
_T = 60
_period = 4.0
_adapt = True
_n_neurons = 33
_learning_rate = 1.0
_max_freq = 1
_synapse = 0.01
_radius = 1.0
_D = 1
_scale_add = 1
_noise = 0.06831655333053549
_filter = 0.009709416244162963
_delay = 0.005165137493381989
_backend = 'nengo'
_dt = 0.001
_seed = 7
delay = 0.037
rmse = 0.01100994161855289