_Kp = 2.0
_Kd = 1.0
_Ki = 0.0
_tau_d = 0.001
_T = 60
_period = 4.0
_adapt = True
_n_neurons = 1
_learning_rate = 1.0
_max_freq = 1
_synapse = 0.01
_radius = 1.0
_D = 1
_scale_add = 1
_noise = 0.039933586574244444
_filter = 0.002320863903145465
_delay = 0.007016227360102566
_backend = 'nengo'
_dt = 0.001
_seed = 62
delay = 0.043000000000000003
rmse = 0.048216277481542044