_Kp = 2.0
_Kd = 1.0
_Ki = 0.0
_tau_d = 0.001
_T = 60
_period = 4.0
_adapt = True
_n_neurons = 6
_learning_rate = 1.0
_max_freq = 1
_synapse = 0.01
_radius = 1.0
_D = 1
_scale_add = 1
_noise = 0.004917047683141485
_filter = 0.00587554609387942
_delay = 0.009964830224156404
_backend = 'nengo'
_dt = 0.001
_seed = 22
delay = 0.035
rmse = 0.0074011456900837068