_Kp = 2.0
_Kd = 1.0
_Ki = 0.0
_tau_d = 0.001
_T = 60
_period = 4.0
_adapt = True
_n_neurons = 76
_learning_rate = 1.0
_max_freq = 1
_synapse = 0.01
_radius = 1.0
_D = 1
_scale_add = 1
_noise = 0.01090073702749469
_filter = 0.002931387977032268
_delay = 0.0007974546675670491
_backend = 'nengo'
_dt = 0.001
_seed = 97
delay = 0.052000000000000005
rmse = 0.010665234109058357