_Kp = 2.0
_Kd = 1.0
_Ki = 0.0
_tau_d = 0.001
_T = 60
_period = 4.0
_adapt = True
_n_neurons = 1
_learning_rate = 1.0
_max_freq = 1
_synapse = 0.01
_radius = 1.0
_D = 1
_scale_add = 1
_noise = 0.028046378465076394
_filter = 0.005164473087176652
_delay = 0.0028128159031570775
_backend = 'nengo'
_dt = 0.001
_seed = 75
delay = 0.018000000000000002
rmse = 0.078453275587693092