_Kp = 2.0
_Kd = 1.0
_Ki = 0.0
_tau_d = 0.001
_T = 60
_period = 4.0
_adapt = True
_n_neurons = 4
_learning_rate = 1.0
_max_freq = 1
_synapse = 0.01
_radius = 1.0
_D = 1
_scale_add = 1
_noise = 0.04191191176278891
_filter = 0.006750927844124073
_delay = 0.00043720438910748615
_backend = 'nengo'
_dt = 0.001
_seed = 20
delay = 0.043000000000000003
rmse = 0.025410983096067798