_Kp = 2.0
_Kd = 1.0
_Ki = 0.0
_tau_d = 0.001
_T = 60
_period = 4.0
_adapt = True
_n_neurons = 9
_learning_rate = 1.0
_max_freq = 1
_synapse = 0.01
_radius = 1.0
_D = 1
_scale_add = 1
_noise = 0.09913778461615386
_filter = 0.009668529036754322
_delay = 0.003942777094276047
_backend = 'nengo'
_dt = 0.001
_seed = 91
delay = 0.041
rmse = 0.01164548200136638