_Kp = 2.0
_Kd = 1.0
_Ki = 0.0
_tau_d = 0.001
_T = 60
_period = 4.0
_adapt = True
_n_neurons = 777
_learning_rate = 1.0
_max_freq = 1
_synapse = 0.01
_radius = 1.0
_D = 1
_scale_add = 1
_noise = 0.08205857969281023
_filter = 0.006647789720079221
_delay = 0.002941798008506551
_backend = 'nengo'
_dt = 0.001
_seed = 85
delay = 0.05
rmse = 0.020736882836514831