_Kp = 2.0
_Kd = 1.0
_Ki = 0.0
_tau_d = 0.001
_T = 60
_period = 4.0
_adapt = True
_n_neurons = 85
_learning_rate = 1.0
_max_freq = 1
_synapse = 0.01
_radius = 1.0
_D = 1
_scale_add = 1
_noise = 0.05699118653333949
_filter = 0.009425607078020256
_delay = 0.0036809273939237296
_backend = 'nengo'
_dt = 0.001
_seed = 42
delay = 0.038
rmse = 0.016197538721839648