_Kp = 2.0
_Kd = 1.0
_Ki = 0.0
_tau_d = 0.001
_T = 60
_period = 4.0
_adapt = True
_n_neurons = 74
_learning_rate = 1.0
_max_freq = 1
_synapse = 0.01
_radius = 1.0
_D = 1
_scale_add = 1
_noise = 0.05000844119086426
_filter = 0.0028632591507196203
_delay = 0.0038475696252160065
_backend = 'nengo'
_dt = 0.001
_seed = 65
delay = 0.045
rmse = 0.0089921278048959996