_Kp = 2.0
_Kd = 1.0
_Ki = 0.0
_tau_d = 0.001
_T = 60
_period = 4.0
_adapt = True
_n_neurons = 240
_learning_rate = 1.0
_max_freq = 1
_synapse = 0.01
_radius = 1.0
_D = 1
_scale_add = 1
_noise = 0.014034650945210482
_filter = 0.008512398058300417
_delay = 0.008122436565409645
_backend = 'nengo'
_dt = 0.001
_seed = 18
delay = 0.032
rmse = 0.0053183631880108356