_Kp = 2.0
_Kd = 1.0
_Ki = 0.0
_tau_d = 0.001
_T = 60
_period = 4.0
_adapt = True
_n_neurons = 277
_learning_rate = 1.0
_max_freq = 1
_synapse = 0.01
_radius = 1.0
_D = 1
_scale_add = 1
_noise = 0.0765150954447911
_filter = 0.008641358778576453
_delay = 0.0019093645345684507
_backend = 'nengo'
_dt = 0.001
_seed = 39
delay = 0.099
rmse = 0.024002892659438922