_Kp = 2.0
_Kd = 1.0
_Ki = 0.0
_tau_d = 0.001
_T = 60
_period = 4.0
_adapt = True
_n_neurons = 325
_learning_rate = 1.0
_max_freq = 1
_synapse = 0.01
_radius = 1.0
_D = 1
_scale_add = 1
_noise = 0.07634287679267387
_filter = 0.006343686845023154
_delay = 0.0010464207095300904
_backend = 'nengo'
_dt = 0.001
_seed = 34
delay = 0.044
rmse = 0.013090581664338302