_Kp = 2.0
_Kd = 1.0
_Ki = 0.0
_tau_d = 0.001
_T = 60
_period = 4.0
_adapt = True
_n_neurons = 477
_learning_rate = 1.0
_max_freq = 1
_synapse = 0.01
_radius = 1.0
_D = 1
_scale_add = 1
_noise = 0.06741772529389774
_filter = 0.009906300543765758
_delay = 0.0011982040141511974
_backend = 'nengo'
_dt = 0.001
_seed = 64
delay = 0.049
rmse = 0.029290730485285424