_Kp = 2.0
_Kd = 1.0
_Ki = 0.0
_tau_d = 0.001
_T = 60
_period = 4.0
_adapt = True
_n_neurons = 237
_learning_rate = 1.0
_max_freq = 1
_synapse = 0.01
_radius = 1.0
_D = 1
_scale_add = 1
_noise = 0.01641890680251934
_filter = 0.003592190569738424
_delay = 0.009511994029575083
_backend = 'nengo'
_dt = 0.001
_seed = 76
delay = 0.042
rmse = 0.013089734565511534