_Kp = 2.0
_Kd = 1.0
_Ki = 0.0
_tau_d = 0.001
_T = 60
_period = 4.0
_adapt = True
_n_neurons = 14
_learning_rate = 1.0
_max_freq = 1
_synapse = 0.01
_radius = 1.0
_D = 1
_scale_add = 1
_noise = 0.07294323796447703
_filter = 0.0032272625562793345
_delay = 0.008668600223178934
_backend = 'nengo'
_dt = 0.001
_seed = 86
delay = 0.04
rmse = 0.012204552376169077