_Kp = 2.0
_Kd = 1.0
_Ki = 0.0
_tau_d = 0.001
_T = 60
_period = 4.0
_adapt = True
_n_neurons = 78
_learning_rate = 1.0
_max_freq = 1
_synapse = 0.01
_radius = 1.0
_D = 1
_scale_add = 1
_noise = 0.010083458536381297
_filter = 0.0001296886564069888
_delay = 0.004216422279439014
_backend = 'nengo'
_dt = 0.001
_seed = 30
delay = 0.046
rmse = 0.0044597781483940889