_Kp = 2.0
_Kd = 1.0
_Ki = 0.0
_tau_d = 0.001
_T = 60
_period = 4.0
_adapt = True
_n_neurons = 8
_learning_rate = 1.0
_max_freq = 1
_synapse = 0.01
_radius = 1.0
_D = 1
_scale_add = 1
_noise = 0.013474656929500362
_filter = 0.004629921905511421
_delay = 0.005860131888713505
_backend = 'nengo'
_dt = 0.001
_seed = 47
delay = 0.043000000000000003
rmse = 0.011507718765985627