_Kp = 2.0
_Kd = 1.0
_Ki = 0.0
_tau_d = 0.001
_T = 60
_period = 4.0
_adapt = True
_n_neurons = 5
_learning_rate = 1.0
_max_freq = 1
_synapse = 0.01
_radius = 1.0
_D = 1
_scale_add = 1
_noise = 0.051910358586546884
_filter = 0.007852834653496564
_delay = 0.006408019480831101
_backend = 'nengo'
_dt = 0.001
_seed = 48
delay = 0.038
rmse = 0.029709606960459576