_Kp = 2.0
_Kd = 1.0
_Ki = 0.0
_tau_d = 0.001
_T = 60
_period = 4.0
_adapt = True
_n_neurons = 725
_learning_rate = 1.0
_max_freq = 1
_synapse = 0.01
_radius = 1.0
_D = 1
_scale_add = 1
_noise = 0.003366272437664275
_filter = 0.0021162931419361542
_delay = 0.007242366929430992
_backend = 'nengo'
_dt = 0.001
_seed = 99
delay = 0.046
rmse = 0.012342545098554194