_Kp = 2.0
_Kd = 1.0
_Ki = 0.0
_tau_d = 0.001
_T = 60
_period = 4.0
_adapt = True
_n_neurons = 391
_learning_rate = 1.0
_max_freq = 1
_synapse = 0.01
_radius = 1.0
_D = 1
_scale_add = 1
_noise = 0.0806951453886774
_filter = 0.0023689270972325626
_delay = 0.009618513409904484
_backend = 'nengo'
_dt = 0.001
_seed = 59
delay = 0.043000000000000003
rmse = 0.017747442059188247