_Kp = 2.0
_Kd = 1.0
_Ki = 0.0
_tau_d = 0.001
_T = 60
_period = 4.0
_adapt = True
_n_neurons = 376
_learning_rate = 1.0
_max_freq = 1
_synapse = 0.01
_radius = 1.0
_D = 1
_scale_add = 1
_noise = 0.06496754107547134
_filter = 0.008415567058669826
_delay = 0.008220154501571385
_backend = 'nengo'
_dt = 0.001
_seed = 50
delay = 0.034
rmse = 0.015201739345130066